2249 3918
9493 2622
478 993
3747 5162
7988 1331
8680 1388
278 2790
2186 5519
3923 9095
5493 3337
8859 88
1475 2836
1964 5064
1733 8666
2321 4478
5705 349
1275 7530
107 8956
3638 5453
2850 8499
2705 8211
2065 4278
2004 934
809 710
7989 693
9018 5657
6030 557
7993 383
3047 9168
2940 4260
7206 2460
4732 5690
3693 8776
2844 7862
1410 960
2722 3818
3031 9277
7546 2251
4014 9691
3425 5523
1175 6486
3173 5453
925 5579
1727 377
5723 4241
2267 3355
1422 413
7342 5503
2788 8651
1738 9292
1443 7867
4578 8929
2070 3664
1654 5448
7470 503
4072 3981
9300 4069
6289 8339
4330 8980
2847 7324
1681 8236
1572 9790
2343 9278
1493 6747
311 860
1061 5111
2596 8524
2597 9169
135 2433
7913 5246
2241 8688
