1000 55 384
6143 4749 0
6666 4299 0
6538 3796 0
5802 5263 0
6696 3680 0
7499 4625 0
7675 5604 0
7595 5008 0
7526 4797 0
6325 4753 0
7232 5250 0
6398 5545 0
7274 4171 0
6665 5262 0
6106 5121 0
6570 4840 0
7073 4347 0
6188 5244 0
6546 5538 0
5828 4873 0
6096 4817 0
6126 4606 0
6181 4019 0
6526 5625 0
5730 4208 0
7510 5221 0
6931 5069 0
6481 5213 0
5968 3669 0
6754 4276 0
6380 3884 0
6703 4163 0
6542 5182 0
6424 3753 0
6584 4101 0
5753 3680 0
6863 4570 0
6826 3790 0
6198 3912 0
6480 4205 0
7074 5255 0
6691 5281 0
7067 4991 0
5900 4538 0
6630 4831 0
6870 4914 0
7659 4416 0
6271 4176 0
6673 4011 0
6508 4657 0
7325 3772 0
7043 5136 0
6951 5452 0
7098 5207 0
6891 4058 0
6881 4350 0
5037 5116 0
6882 4976 0
6682 4018 0
4984 4144 0
6162 5571 0
5152 3997 0
5576 4246 0
5718 4006 0
6030 4650 0
5203 5717 0
5003 4992 0
5709 4302 0
5761 4652 0
5357 5565 0
6389 5387 0
6828 4209 0
5261 5811 0
6083 4638 0
5972 4094 0
6188 5085 0
5273 5616 0
6435 4508 0
5657 4706 0
6523 5086 0
6598 4160 0
5673 4496 0
5569 5468 0
6697 4350 0
5996 4797 0
5153 5489 0
5125 4827 0
6021 5266 0
6579 5754 0
6441 4678 0
6344 5465 0
5620 5368 0
5999 5359 0
6105 4818 0
5043 4629 0
6690 5597 0
5684 5088 0
5840 4961 0
5165 5004 0
6056 5162 0
4957 5352 0
5462 5702 0
5262 4492 0
6028 5069 0
5817 5866 0
6093 4957 0
5276 4475 0
6262 3942 0
6596 5832 0
6086 5225 0
6818 4587 0
6262 5254 0
376 3240 0
1245 3449 0
710 2298 0
1017 3769 0
615 2364 0
1136 3783 0
238 3073 0
496 3400 0
1024 3063 0
704 3945 0
960 2277 0
1031 2819 0
43 3720 0
577 3023 0
207 3120 0
397 3010 0
274 2449 0
349 3520 0
123 2663 0
1309 3917 0
714 2640 0
970 3571 0
996 2382 0
1120 3482 0
468 3477 0
83 3470 0
882 3561 0
996 2557 0
1236 3814 0
103 3569 0
419 2500 0
1277 3781 0
1065 2979 0
237 3946 0
1280 3355 0
780 2629 0
389 3469 0
936 2712 0
720 4087 0
1237 3200 0
813 2559 0
735 3618 0
953 3640 0
1314 3311 0
718 3628 0
552 2771 0
505 3661 0
533 2562 0
1198 2953 0
237 3730 0
988 3395 0
73 3161 0
782 3401 0
257 3027 0
523 3858 0
1190 3890 0
3096 245 0
4317 1208 0
4660 754 0
3893 452 0
4113 600 0
4437 683 0
4343 296 0
2768 740 0
3009 1145 0
3783 513 0
2904 450 0
2952 1203 0
4653 312 0
2870 1236 0
4379 1257 0
2910 262 0
2977 473 0
3169 427 0
4293 87 0
4071 1270 0
3901 1327 0
3676 1168 0
4598 393 0
3678 728 0
3145 443 0
3931 1233 0
3695 876 0
2986 222 0
4369 1435 0
4181 180 0
2846 177 0
3665 354 0
2786 592 0
3440 730 0
4074 1140 0
3370 1303 0
4277 1411 0
4138 1223 0
3571 228 0
4416 1381 0
3893 54 0
4442 80 0
3022 1139 0
3535 259 0
3635 255 0
2933 1029 0
4183 668 0
3194 1393 0
3882 177 0
4246 985 0
3581 398 0
4452 163 0
4268 1115 0
3885 484 0
4048 994 0
4077 615 0
5333 7415 0
6559 7208 0
6384 7056 0
6652 7667 0
6723 5852 0
6321 6779 0
6462 6282 0
6119 7157 0
5900 6816 0
6664 6655 0
6889 7468 0
5561 7452 0
6352 6912 0
6713 7583 0
5503 7603 0
5698 7019 0
5847 6173 0
6213 6235 0
4964 6924 0
5998 7468 0
5471 6434 0
5792 6720 0
6072 7629 0
6624 6607 0
5298 6964 0
6567 6721 0
5973 5744 0
6067 6244 0
6568 7418 0
5889 7020 0
5877 6896 0
6653 6775 0
6790 6409 0
6619 5760 0
5779 6937 0
6270 7115 0
6352 6575 0
6226 6184 0
5312 6255 0
6344 7129 0
6139 6585 0
5673 6125 0
6549 6743 0
6020 7336 0
5900 7193 0
5706 7646 0
6048 7064 0
6473 6382 0
5712 6234 0
5045 6532 0
5192 6375 0
5387 7004 0
6777 6886 0
5167 6032 0
5102 7203 0
5963 5874 0
5015 898 0
5265 1933 0
5333 1610 0
5024 1759 0
4362 1596 0
5399 1702 0
5444 2164 0
5948 2529 0
4279 916 0
5264 1250 0
4208 2247 0
4577 2692 0
4767 2303 0
4312 834 0
4256 2272 0
5103 2760 0
4540 1569 0
4339 2338 0
5930 1856 0
5703 1116 0
5282 1271 0
5183 1940 0
5885 2381 0
5400 1994 0
4807 1315 0
5008 1528 0
5422 1528 0
4270 1210 0
5801 2089 0
5447 2455 0
5540 1751 0
4727 1424 0
5382 1413 0
5329 1761 0
4138 1155 0
4234 2237 0
4535 2004 0
4475 2220 0
4674 998 0
4839 1246 0
4811 1063 0
5713 2267 0
5779 1304 0
4602 2479 0
5793 1241 0
5073 2389 0
4417 963 0
5859 1933 0
4603 2277 0
5003 2214 0
4142 1195 0
4145 2302 0
4692 2031 0
4254 2029 0
5337 2435 0
4795 1349 0
7397 4107 0
5998 3632 0
5595 5110 0
7466 4088 0
6540 4152 0
6065 3301 0
6999 4189 0
7235 5130 0
7006 3292 0
7043 3759 0
6265 3462 0
6731 4799 0
6072 3845 0
6484 4731 0
7397 4466 0
7271 4266 0
6218 4522 0
6823 4299 0
5708 4066 0
5583 3364 0
6492 3550 0
5951 4160 0
6858 4319 0
6265 4573 0
6333 4573 0
6613 3758 0
6795 5137 0
6930 4413 0
6113 4941 0
7135 5218 0
7169 3997 0
7247 5094 0
7419 5237 0
7235 4569 0
6037 5139 0
5810 3565 0
7134 3271 0
7250 4486 0
7046 3578 0
7133 5198 0
6157 5216 0
6898 3737 0
5850 3288 0
5596 4916 0
6627 3627 0
7065 4268 0
7142 5173 0
6617 3498 0
6210 4181 0
5784 4153 0
6241 3410 0
5860 3826 0
6102 3592 0
6457 4475 0
5899 3799 0
6519 4751 0
418 8812 0
317 8215 0
472 7974 0
677 9275 0
1540 9579 0
1157 8370 0
852 8769 0
720 9644 0
296 8738 0
415 8168 0
431 9357 0
126 8201 0
402 9079 0
669 9316 0
1596 9332 0
510 8055 0
1329 9461 0
749 8533 0
1134 8096 0
86 8224 0
1277 8619 0
451 9185 0
1738 9575 0
1063 9160 0
1267 8959 0
923 8002 0
534 9285 0
1277 9653 0
1521 9645 0
1222 9188 0
1844 8854 0
1910 9305 0
809 8251 0
1827 8294 0
809 8500 0
165 8817 0
427 9139 0
1807 8545 0
1695 9277 0
1440 9153 0
586 8401 0
847 9147 0
1150 9887 0
922 9764 0
1552 8267 0
1396 8144 0
1248 9460 0
144 9735 0
536 9150 0
510 8359 0
1531 9298 0
16 8800 0
635 9335 0
578 8473 0
265 8720 0
1754 8293 0
4806 2546 0
5211 4001 0
6274 3366 0
6054 2244 0
6491 3303 0
4773 2271 0
5178 2497 0
5768 3190 0
5769 2624 0
5526 2381 0
5066 2567 0
5093 2466 0
4860 3760 0
6164 2497 0
5593 2291 0
5370 3705 0
6053 2867 0
5909 3074 0
6346 4004 0
5240 2434 0
6305 2546 0
5734 2289 0
6488 2829 0
6216 2941 0
5137 3260 0
6314 3578 0
5358 2536 0
6129 3907 0
4981 2628 0
6385 3320 0
5950 2283 0
5833 3849 0
5322 2468 0
5957 3294 0
6636 2920 0
6067 2458 0
5096 2697 0
6261 2707 0
6383 3675 0
6453 3211 0
6545 3303 0
5467 2601 0
5457 3127 0
6648 2886 0
4852 3626 0
5341 2537 0
5422 2181 0
6153 2296 0
4758 3995 0
6561 2531 0
4776 3229 0
5332 3416 0
5462 3709 0
5270 2503 0
5497 2594 0
5989 2507 0
2157 9258 0
4550 4280 0
8287 8056 0
3924 4217 0
4622 745 0
8648 4692 0
2888 937 0
3479 4345 0
802 2783 0
8605 3629 0
6800 5732 0
2417 5655 0
2110 6751 0
7057 9547 0
8897 5910 0
4264 282 0
8090 1400 0
6533 6257 0
3724 6288 0
8523 4892 0
6898 2669 0
5018 5981 0
1229 9818 0
8101 745 0
2294 6867 0
3287 1618 0
3346 8603 0
7383 5035 0
6342 4757 0
3710 6925 0
5924 7938 0
2276 339 0
6783 701 0
5839 1218 0
2530 2181 0
1873 3618 0
1220 985 0
9240 9378 0
8136 6280 0
4124 3472 0
3799 8636 0
6025 3942 0
4377 6751 0
8135 4614 0
6473 9301 0
4612 3386 0
5994 1206 0
1763 7765 0
2674 8722 0
4388 1873 0
7734 6359 0
4081 2559 0
975 8047 0
6356 6522 0
9223 2600 0
878 7327 0
4008 7149 0
5767 1929 0
5224 6744 0
4651 7246 0
2169 2410 0
5436 8301 0
5570 8657 0
8696 4707 0
895 1305 0
4004 3851 0
8947 8565 0
3760 5198 0
855 9183 0
1952 9855 0
9183 5873 0
9100 778 0
6663 1944 0
2986 8846 0
1244 4329 0
6103 1232 0
7957 7375 0
1276 2723 0
2060 3465 0
6624 6714 0
8428 3877 0
8233 4196 0
3952 9177 0
3608 5995 0
6368 8583 0
7944 1786 0
1061 2377 0
9294 5099 0
5199 6976 0
9794 2052 0
4738 9313 0
4003 8890 0
4350 8883 0
838 1867 0
6797 58 0
2411 9280 0
9838 2654 0
9210 967 0
9123 3556 0
3273 3286 0
3238 4939 0
1768 7175 0
5893 8682 0
6406 927 0
9655 4668 0
5942 3383 0
4355 8269 0
3393 7292 0
8548 1348 0
6462 7195 0
4167 5447 0
2323 3372 0
3181 4915 0
9785 135 0
4919 8506 0
9232 7715 0
310 5803 0
1941 2568 0
1876 5222 0
5349 3586 0
8094 9026 0
6603 2543 0
4754 3104 0
371 154 0
6642 7173 0
6898 2550 0
2837 9550 0
9124 4502 0
9499 3757 0
254 1656 0
3216 9261 0
7528 7073 0
6195 3564 0
6811 4984 0
8015 1071 0
2743 7199 0
7156 9642 0
1163 6714 0
7467 837 0
8844 5195 0
3846 2237 0
9819 7598 0
5168 6219 0
3922 9157 0
2572 6545 0
6901 2682 0
8329 7394 0
2306 324 0
7715 8838 0
9394 695 0
4457 2499 0
2673 558 0
5865 9924 0
9609 8504 0
3721 6844 0
507 8651 0
4470 3046 0
5300 2185 0
6668 8239 0
2020 9862 0
4433 9538 0
1166 4270 0
5212 3201 0
7180 5343 0
9335 1282 0
8696 1778 0
5893 5757 0
1701 6766 0
6936 6320 0
2727 9868 0
7541 3749 0
6321 935 0
2686 8708 0
4010 8779 0
9765 6137 0
8980 6767 0
3394 7850 0
4079 6399 0
3099 1823 0
113 2414 0
9663 1508 0
3515 5785 0
8136 1063 0
2683 3561 0
4009 4639 0
9210 5797 0
4995 5771 0
2299 4928 0
5421 2419 0
9215 2409 0
4648 2758 0
4078 746 0
1530 4353 0
1732 4353 0
5004 1789 0
8419 1787 0
1573 5926 0
1730 352 0
76 8604 0
5842 7508 0
3900 7204 0
8051 6710 0
2657 7189 0
132 8300 0
7201 4343 0
1390 9706 0
7657 6953 0
385 8988 0
7562 6699 0
8407 4156 0
5600 2050 0
6786 7351 0
6479 1514 0
8794 856 0
9569 4452 0
5559 5231 0
7400 5480 0
5817 4980 0
9383 5638 0
2055 989 0
9173 2507 0
7785 9247 0
8198 3904 0
3768 7235 0
7457 6720 0
302 6471 0
5344 34 0
452 2054 0
9128 3438 0
5002 6845 0
6768 6139 0
6911 7464 0
1103 5546 0
3671 7081 0
3067 6893 0
8130 7608 0
3901 8602 0
564 5415 0
5983 6019 0
7888 3316 0
7174 7867 0
1489 576 0
3574 5710 0
2247 5463 0
6140 213 0
8116 2135 0
6528 451 0
4856 9311 0
3266 3246 0
6702 7240 0
5097 6492 0
7188 8909 0
7624 5776 0
6541 169 0
6761 2616 0
7590 8123 0
6519 4873 0
448 3773 0
9488 5923 0
1103 5702 0
6401 4552 0
6109 6756 0
4955 2242 0
4347 2074 0
631 9823 0
3861 2138 0
9612 4222 0
4128 7653 0
2436 5727 0
6115 5901 0
5277 8697 0
8173 2121 0
3411 5364 0
8369 3843 0
332 1539 0
2599 1134 0
5191 3861 0
2647 486 0
8888 935 0
3721 9319 0
2281 6335 0
3813 3129 0
4716 821 0
2188 9818 0
5318 9828 0
5967 3886 0
1336 1898 0
1047 7629 0
8507 3175 0
1310 7077 0
7439 7399 0
6422 2183 0
6074 4231 0
6863 8536 0
950 6462 0
9538 8540 0
1151 591 0
1295 3018 0
7022 6422 0
9993 6200 0
9373 7077 0
3452 2645 0
7218 7042 0
4715 7921 0
861 8081 0
1404 3050 0
7068 6952 0
3393 4463 0
9880 9003 0
6679 2021 0
2851 9548 0
5319 4730 0
7796 4076 0
1592 7638 0
8508 5123 0
5441 3415 0
5368 361 0
2003 5614 0
3489 9451 0
8058 838 0
8663 8816 0
7102 9574 0
5208 7187 0
8378 7764 0
4395 8849 0
1751 8103 0
240 7491 0
1761 8525 0
5586 6208 0
9011 7450 0
13 7832 0
901 6512 0
1294 8674 0
1505 8806 0
2819 9927 0
7235 8972 0
9969 8662 0
2076 2700 0
2470 3687 0
8675 3569 0
3586 9127 0
8503 5463 0
3919 2898 0
5500 4390 0
443 1931 0
9564 4832 0
6685 193 0
4113 2671 0
7986 8582 0
2186 5522 0
308 2784 0
8372 6374 0
5380 2467 0
9343 6462 0
4002 622 0
4252 9910 0
9683 1023 0
2871 8264 0
5698 43 0
4237 3364 0
797 6048 0
1732 3934 0
7902 1204 0
4012 6493 0
9414 8553 0
5226 5915 0
3334 8457 0
9174 7932 0
7675 4809 0
7925 4053 0
5068 7129 0
5186 5471 0
7605 4248 0
512 7566 0
9803 5600 0
3877 8420 0
5632 4789 0
4084 76 0
4223 4890 0
4241 5436 0
2918 8427 0
8629 1914 0
5536 2989 0
2990 7884 0
7590 6695 0
701 9408 0
4682 663 0
4407 9592 0
2785 173 0
152 4675 0
5680 9702 0
5607 2382 0
5238 8589 0
8030 1295 0
7327 6065 0
816 7116 0
545 3319 0
2609 4831 0
2884 7508 0
830 3647 0
6015 7682 0
1044 1006 0
9940 6705 0
3990 3904 0
1635 3063 0
5494 5172 0
270 7450 0
9927 1756 0
6572 2703 0
2419 2567 0
5117 1069 0
215 613 0
8845 6064 0
3106 6156 0
5636 1561 0
139 2751 0
8556 5726 0
3929 8742 0
6233 2881 0
1669 3839 0
2152 43 0
6093 5707 0
5470 7139 0
5384 1452 0
4424 8950 0
4917 9448 0
8484 2756 0
2900 4430 0
9256 4526 0
4853 5306 0
2640 3967 0
9018 8381 0
3732 5105 0
705 2824 0
9129 8898 0
1529 4643 0
4164 1944 0
2456 554 0
8933 9638 0
1435 5106 0
9134 7067 0
2646 3443 0
2467 3327 0
5660 9705 0
6763 1090 0
5717 6988 0
2713 955 0
7082 6876 0
9675 6088 0
3546 9079 0
640 4224 0
7561 9872 0
7113 1465 0
2358 5347 0
8109 8747 0
7823 581 0
7556 9082 0
3107 7908 0
1771 962 0
1475 382 0
4422 6737 0
9009 2203 0
2267 4956 0
3627 3866 0
4454 2151 0
4168 3117 0
2858 2612 0
3174 786 0
413 5110 0
2691 2093 0
1969 1118 0
4350 5917 0
4441 4376 0
3543 6602 0
3198 3523 0
6862 3525 0
1640 9747 0
8852 8481 0
9063 5435 0
872 1576 0
7035 8916 0
5658 4971 0
7539 6956 0
1934 7394 0
1887 6057 0
1225 5472 0
9891 8531 0
1189 1908 0
1788 7529 0
5496 7084 0
995 2478 0
3272 5874 0
9221 9804 0
8713 917 0
4134 4836 0
1160 9208 0
