1000 55 862
9441 8028 0
9692 8071 0
9863 8448 0
9243 8670 0
9949 8588 0
9215 8783 0
9917 7904 0
9184 8044 0
9068 9063 0
9151 8248 0
8464 8073 0
9035 8894 0
9806 8858 0
9228 7599 0
8544 9049 0
8248 8971 0
8199 7306 0
9932 8138 0
9399 9169 0
8445 8864 0
8443 9078 0
9721 8552 0
9320 8904 0
8783 8285 0
9483 7469 0
9736 8329 0
8660 7807 0
8841 8375 0
9246 8959 0
8269 9170 0
8156 7444 0
8436 7286 0
9632 8390 0
8475 7952 0
9251 7732 0
9626 8062 0
8121 7581 0
8150 7806 0
8974 8413 0
9075 8733 0
8100 8335 0
9610 8460 0
8988 7381 0
8712 9044 0
9049 8052 0
9612 7783 0
8635 8833 0
8498 8187 0
8817 9095 0
8681 7599 0
9068 7929 0
8571 7703 0
9415 9004 0
9556 9134 0
8574 9085 0
9165 8034 0
497 1107 0
125 1228 0
602 228 0
273 1306 0
948 73 0
1854 348 0
461 464 0
1856 1252 0
112 508 0
1370 1116 0
1520 706 0
1161 392 0
158 1281 0
507 1123 0
1060 800 0
209 30 0
428 1157 0
524 170 0
449 1193 0
62 1026 0
674 1273 0
186 1227 0
1729 1053 0
1447 687 0
857 652 0
235 848 0
891 1186 0
1663 763 0
1401 242 0
487 662 0
837 1254 0
997 272 0
1697 939 0
736 886 0
1202 1295 0
1407 1082 0
1208 634 0
939 1303 0
1444 580 0
1481 61 0
1398 170 0
1662 693 0
1336 1155 0
1170 383 0
840 1274 0
633 1288 0
1701 154 0
1760 664 0
228 982 0
1720 996 0
1590 816 0
832 405 0
709 333 0
1227 894 0
488 564 0
1582 713 0
1914 1752 0
986 604 0
920 1037 0
1347 94 0
990 1532 0
2272 978 0
1975 143 0
2174 1444 0
2463 51 0
937 1753 0
2846 193 0
2334 374 0
1270 1599 0
1235 327 0
2407 1597 0
1300 1493 0
1198 259 0
1224 156 0
2383 486 0
1794 1622 0
1631 1892 0
1646 253 0
2382 1115 0
2469 577 0
2334 1287 0
1648 387 0
1554 1832 0
860 823 0
2490 1847 0
1073 1673 0
1493 1610 0
1267 626 0
1549 24 0
1170 1442 0
1249 762 0
1051 1147 0
2441 665 0
1802 1005 0
1505 3 0
2201 893 0
1883 420 0
2754 1241 0
1187 547 0
2314 613 0
1675 566 0
2741 414 0
1076 629 0
1088 1624 0
1990 700 0
1197 195 0
1352 1360 0
1838 1737 0
1486 1169 0
2357 508 0
2246 460 0
1770 1275 0
9402 1331 0
9647 481 0
9726 1125 0
9866 2344 0
8978 927 0
9482 1665 0
8829 1975 0
9363 1072 0
9298 2107 0
9786 1770 0
8985 1916 0
9648 1384 0
9488 475 0
9878 1436 0
8965 975 0
9430 832 0
9922 754 0
8993 1442 0
9814 1287 0
9575 1726 0
8918 1116 0
9513 1989 0
9569 1193 0
9188 2397 0
8936 2125 0
9109 1783 0
9401 1117 0
9973 802 0
9562 2139 0
8883 612 0
9347 2222 0
9850 1859 0
9261 675 0
8954 510 0
9843 1478 0
9957 1569 0
9181 1477 0
9401 1099 0
9624 2083 0
9553 1302 0
9853 1036 0
9706 761 0
9267 732 0
9962 641 0
9418 953 0
8926 741 0
9777 1015 0
9677 1173 0
9222 2287 0
9800 1255 0
9139 767 0
8827 746 0
9312 1047 0
9060 649 0
9162 562 0
9924 2130 0
912 1018 0
991 507 0
1569 288 0
1059 1430 0
1579 1899 0
1323 915 0
2173 1823 0
1191 399 0
1442 1246 0
1632 1752 0
992 633 0
2278 526 0
2449 1426 0
1438 1955 0
1098 561 0
1781 1969 0
1964 1199 0
2240 2034 0
1747 951 0
1523 1200 0
1920 1612 0
1409 279 0
1798 1626 0
1571 1562 0
2454 1309 0
759 586 0
666 438 0
2516 1569 0
1955 1457 0
1697 169 0
2346 1564 0
1258 1696 0
645 1777 0
2523 849 0
1658 1198 0
2519 1888 0
2215 264 0
2165 882 0
886 679 0
2199 1989 0
2507 1032 0
1123 1543 0
1029 102 0
1697 1760 0
1597 1879 0
2423 1133 0
1122 2020 0
1886 871 0
2356 1759 0
1628 1226 0
2059 1287 0
2555 1659 0
2245 404 0
2131 1304 0
2437 725 0
1931 868 0
8116 7236 0
8666 8922 0
8493 6955 0
8433 8745 0
8129 8703 0
8896 8038 0
8670 8215 0
8644 7150 0
9200 7161 0
9650 7195 0
8506 7051 0
7962 7786 0
8888 8168 0
8130 7152 0
8857 7705 0
8769 8887 0
9154 7002 0
9556 8596 0
9034 8637 0
7954 7961 0
7889 8927 0
7990 7430 0
9051 7909 0
8654 7887 0
8640 8543 0
8518 7925 0
9422 7479 0
8081 7649 0
8642 8689 0
8298 7408 0
9101 8045 0
8426 8293 0
7844 6974 0
8098 7165 0
9446 7610 0
9179 7707 0
9158 8256 0
8512 7495 0
7902 7052 0
8235 7689 0
9590 7498 0
8631 7871 0
8561 8320 0
7726 7961 0
8393 7325 0
8500 7187 0
8873 8488 0
9313 6969 0
8106 7111 0
9035 6980 0
8122 8807 0
9260 8782 0
8703 8566 0
9399 7455 0
7893 8499 0
9092 7082 0
8427 1426 0
9315 735 0
9718 1350 0
9894 205 0
9891 524 0
9926 563 0
7986 1885 0
9786 393 0
8633 1509 0
8887 623 0
9934 1148 0
8642 1644 0
8752 85 0
8079 1963 0
9898 1628 0
7970 935 0
7987 1346 0
8922 836 0
9796 1891 0
9906 567 0
9871 904 0
7964 304 0
8125 1571 0
8749 708 0
8387 685 0
9756 1396 0
9537 1437 0
9460 758 0
9564 1991 0
8908 1562 0
8341 1525 0
8459 1224 0
8139 945 0
9475 283 0
9421 818 0
9389 1465 0
9739 836 0
9877 539 0
9273 1396 0
8175 95 0
8789 139 0
8022 793 0
9394 596 0
8483 1431 0
7968 1207 0
8684 444 0
8558 587 0
8399 1516 0
8459 929 0
9473 299 0
9652 1923 0
7972 311 0
8226 411 0
9755 1286 0
8291 1706 0
8674 99 0
3296 7231 0
5013 6980 0
3196 7052 0
4155 7400 0
4923 6443 0
3626 7088 0
3484 6995 0
4205 6794 0
4284 5841 0
4491 7061 0
4725 6312 0
4588 6322 0
4590 7241 0
4854 6634 0
5088 6189 0
4352 7018 0
4583 7426 0
5072 6029 0
4447 6819 0
5078 7316 0
4439 6543 0
4894 6331 0
4626 6369 0
3424 6675 0
3518 6175 0
4213 6836 0
3190 5675 0
4847 6794 0
4800 7172 0
4360 6674 0
3647 6266 0
3953 7490 0
4180 7393 0
4433 7463 0
4949 6896 0
3650 6617 0
3188 6705 0
4110 5683 0
3787 6091 0
5007 6874 0
3204 6332 0
3953 6654 0
4928 7045 0
3109 7170 0
3690 6388 0
4087 6933 0
3596 6594 0
3122 5583 0
3470 7209 0
3156 6030 0
5050 5736 0
4352 7497 0
4366 7137 0
3268 6908 0
3694 6430 0
3198 6055 0
3986 1582 0
3068 2235 0
2925 739 0
3039 397 0
2870 1487 0
2285 1051 0
3849 1545 0
2274 2145 0
3625 1368 0
2302 1158 0
3389 716 0
2648 842 0
3095 1894 0
3971 894 0
3112 2238 0
3010 594 0
3439 1941 0
2972 960 0
3445 673 0
3284 924 0
2748 2257 0
3292 1296 0
3311 1119 0
2357 2232 0
2921 387 0
2504 480 0
4182 1764 0
4163 1919 0
3852 2172 0
2927 638 0
2779 857 0
2808 1105 0
3803 820 0
4057 2322 0
4192 652 0
4199 1159 0
4215 1549 0
3415 901 0
3297 1588 0
2626 2308 0
3682 1902 0
4157 654 0
3827 2218 0
2633 910 0
2524 1261 0
3347 733 0
3167 1035 0
2369 927 0
3261 1496 0
3630 760 0
3755 1765 0
3159 2162 0
4077 430 0
2705 1247 0
2282 1772 0
2247 1298 0
6745 4691 0
3907 6830 0
8271 3792 0
4123 7235 0
5078 7041 0
4267 7579 0
8843 6490 0
8853 6733 0
7261 8022 0
8158 4108 0
3291 6677 0
3742 755 0
2374 7092 0
1997 9696 0
8950 6408 0
9653 1488 0
2343 880 0
2735 6074 0
5125 5427 0
4012 6468 0
444 1256 0
7880 3168 0
9337 5966 0
6590 2235 0
397 7365 0
4466 9841 0
9715 2505 0
6030 9579 0
40 9499 0
1723 1131 0
6378 8273 0
3079 4666 0
1712 5893 0
2653 427 0
6300 7352 0
2480 4893 0
785 275 0
3479 5805 0
8262 5134 0
2770 3841 0
235 4625 0
7214 7871 0
6369 3419 0
8703 8619 0
8714 5458 0
8890 8981 0
6202 5732 0
8430 7255 0
1024 2775 0
3033 1732 0
4128 4044 0
6612 2851 0
6951 6834 0
9119 3352 0
2108 2958 0
7690 8218 0
4759 2546 0
8183 9109 0
9060 9078 0
958 9310 0
2285 2600 0
8492 1477 0
2589 2169 0
7816 1849 0
4659 2912 0
3505 5919 0
4748 1814 0
4049 3557 0
7596 8586 0
7410 3981 0
842 5379 0
9999 9315 0
6482 9495 0
351 2667 0
9819 595 0
1280 9647 0
1270 8706 0
8331 3469 0
1656 6403 0
7910 2167 0
9689 7974 0
5804 9470 0
933 6912 0
9169 8915 0
1942 5726 0
8378 5777 0
7264 5579 0
9783 530 0
857 6160 0
749 6622 0
3342 8180 0
5426 1847 0
2441 1853 0
3613 2375 0
7789 4580 0
2004 3846 0
2315 7229 0
3065 2819 0
1449 177 0
9548 5680 0
2601 6405 0
9781 7211 0
3491 667 0
4111 1421 0
9550 6192 0
1064 2048 0
9749 8330 0
804 4136 0
7438 8176 0
2955 2223 0
1988 6658 0
758 5667 0
4354 8130 0
6090 8963 0
1606 9910 0
3143 462 0
1208 5961 0
5944 282 0
3498 9794 0
7325 5605 0
8453 2595 0
2768 1078 0
934 1878 0
3072 7765 0
7608 657 0
8511 5305 0
483 5688 0
2149 189 0
552 2041 0
1389 5070 0
6189 2120 0
5019 3982 0
8178 1327 0
2963 7301 0
8038 4150 0
401 2827 0
2762 423 0
4574 4956 0
7412 915 0
4038 1651 0
6628 5916 0
3128 8198 0
1095 2010 0
4176 9603 0
7011 7505 0
7565 367 0
9895 8348 0
6683 4957 0
2070 1764 0
5872 6618 0
8052 1770 0
7377 391 0
6592 592 0
7837 6841 0
1441 3854 0
1937 6736 0
5978 3801 0
1211 5698 0
7236 3755 0
1536 3655 0
8857 3302 0
915 2736 0
5238 4993 0
7847 7634 0
3250 6056 0
4073 6809 0
4059 9683 0
2731 1786 0
9612 4915 0
2690 3307 0
2327 2146 0
7052 7192 0
7423 4634 0
591 7035 0
1513 3601 0
5065 4580 0
9772 3553 0
3014 945 0
6812 739 0
6785 8330 0
8351 7968 0
6528 8889 0
5267 5051 0
8689 2021 0
3779 8822 0
9393 2576 0
7057 1061 0
4763 3173 0
8417 3189 0
853 321 0
7097 6763 0
1100 577 0
8686 9950 0
6012 8048 0
3925 6395 0
9847 9412 0
7623 2035 0
6163 6298 0
8824 9518 0
6652 2756 0
4155 1499 0
2898 5442 0
7845 3661 0
4188 1042 0
6697 5066 0
301 3439 0
4777 8884 0
9561 1664 0
8014 7972 0
9259 5860 0
881 4321 0
3924 6424 0
2671 2022 0
1573 9316 0
4681 2763 0
6549 9782 0
5710 6063 0
4867 6017 0
8681 7808 0
6033 8473 0
700 5545 0
3455 990 0
8717 7055 0
6114 5918 0
2808 2507 0
819 8935 0
7189 8294 0
5119 7795 0
5941 8523 0
2018 9921 0
549 7615 0
2682 7910 0
7272 65 0
1078 1970 0
5954 8920 0
1960 2272 0
4461 3600 0
1271 4083 0
7922 5142 0
3453 2867 0
1188 520 0
6742 410 0
8209 4988 0
933 1562 0
5730 1070 0
7759 3645 0
7230 791 0
366 4177 0
3419 9426 0
2555 1409 0
7789 1850 0
8878 1173 0
2108 5633 0
950 7628 0
6021 2481 0
3684 9230 0
159 4913 0
1579 8713 0
75 4930 0
4581 7324 0
5888 4329 0
6500 9878 0
584 8938 0
3774 6406 0
6114 9561 0
7997 3307 0
1030 5732 0
5281 1116 0
3267 8719 0
8934 3254 0
5972 9423 0
3920 2493 0
6334 3405 0
1532 52 0
8112 6586 0
2432 356 0
1158 3156 0
5594 626 0
5629 9893 0
2625 6811 0
3746 4062 0
8379 7397 0
6673 1519 0
9455 510 0
3332 2353 0
1570 8051 0
4601 7798 0
1130 6813 0
2638 529 0
1403 9587 0
2246 8189 0
380 1339 0
9544 553 0
1450 1037 0
7723 4367 0
5597 7362 0
1826 4035 0
5269 782 0
525 9467 0
9972 4878 0
9416 8510 0
1742 5929 0
2975 5415 0
2713 2354 0
9765 3502 0
8002 7514 0
4986 538 0
2097 2966 0
7569 1370 0
8773 3326 0
6479 2285 0
9296 886 0
4057 8030 0
6185 3690 0
9688 8398 0
2295 1256 0
2881 1170 0
4034 1393 0
306 676 0
5709 9672 0
1987 3394 0
8010 2742 0
723 3313 0
1875 104 0
8291 4424 0
5138 3276 0
8106 5814 0
5300 3160 0
6276 6602 0
6132 1435 0
5572 1186 0
1972 3537 0
3993 5024 0
9305 934 0
1674 7934 0
507 1068 0
3775 1040 0
5611 4449 0
981 9166 0
8529 9035 0
295 6371 0
8261 232 0
2658 402 0
5365 288 0
7095 3821 0
6351 6856 0
5042 4128 0
1715 2548 0
83 1000 0
6336 9707 0
1411 2770 0
9261 3500 0
2359 6538 0
8461 876 0
2304 2659 0
9514 5379 0
7325 4465 0
4884 2365 0
709 6665 0
5601 6235 0
2943 9373 0
3848 9414 0
3407 5910 0
1503 187 0
2656 8978 0
3719 9011 0
10000 299 0
4975 4295 0
5519 3247 0
933 772 0
8497 9975 0
3691 1340 0
3435 1186 0
7729 6934 0
8732 9842 0
8709 7164 0
3837 1631 0
3213 767 0
5193 6928 0
8057 933 0
3088 4029 0
580 2390 0
7011 6287 0
1505 3225 0
5322 7067 0
3493 7786 0
9146 3229 0
7760 3433 0
4395 5851 0
3619 5961 0
8277 2139 0
4880 3749 0
7301 4529 0
1682 3438 0
6188 7638 0
8064 4537 0
9446 9627 0
2970 3681 0
3851 567 0
6416 107 0
5189 4806 0
2196 5334 0
9455 7205 0
1107 46 0
5494 6110 0
9744 5936 0
1933 6308 0
9975 6939 0
9823 4919 0
6410 2063 0
215 595 0
2304 8322 0
7454 5858 0
7345 743 0
9121 8311 0
4925 4361 0
6536 7160 0
9053 2063 0
355 7653 0
6240 8232 0
6551 1520 0
9605 7710 0
1001 3527 0
1129 1149 0
973 4403 0
2998 5748 0
5867 8790 0
4420 141 0
8655 6502 0
4942 8692 0
8898 1682 0
8326 9348 0
732 1232 0
7178 796 0
4773 2511 0
1546 3806 0
7450 7206 0
1773 7459 0
410 5423 0
4651 8088 0
6591 9068 0
469 4832 0
161 1470 0
5586 5088 0
9324 8835 0
1573 2241 0
6857 2708 0
1803 950 0
5356 979 0
3254 377 0
9544 9348 0
9918 252 0
5704 7559 0
7892 6149 0
4078 7514 0
39 7353 0
8136 5879 0
3072 281 0
967 1416 0
8919 5178 0
9063 2727 0
2511 4797 0
5737 7468 0
8152 2019 0
5003 4020 0
4462 2613 0
4365 6347 0
5742 3456 0
8001 8286 0
7395 8059 0
403 6087 0
635 397 0
6699 2691 0
9433 9746 0
8355 6594 0
7122 1169 0
6008 9759 0
196 2157 0
8724 7612 0
7816 2574 0
3561 5230 0
1663 5121 0
5688 6285 0
9478 9228 0
3982 6272 0
4837 6491 0
6682 3940 0
628 2091 0
2302 793 0
2334 448 0
4728 4410 0
3150 5368 0
6238 4456 0
2990 8767 0
7761 5274 0
8568 4540 0
