1000 55 84
1323 4312 0
1120 4568 0
1061 3528 0
2140 4298 0
1841 3903 0
2063 4338 0
1308 4635 0
2138 5058 0
1841 4825 0
793 3153 0
2272 3594 0
428 4077 0
613 5032 0
1279 3722 0
920 3892 0
2036 4964 0
437 4408 0
1429 4450 0
1872 3670 0
1098 3846 0
647 4879 0
812 4774 0
991 4939 0
2206 3510 0
1705 4938 0
2220 4596 0
1271 4140 0
1051 4681 0
1731 3916 0
753 5045 0
1931 4415 0
2042 3925 0
472 3668 0
767 4737 0
546 4016 0
1766 3113 0
1512 4146 0
471 4210 0
2152 4789 0
1770 4294 0
1103 3667 0
533 4273 0
739 4764 0
400 4847 0
651 4387 0
1227 3469 0
863 3454 0
2183 4229 0
1549 4512 0
1375 3472 0
1353 3429 0
1926 4876 0
1872 4987 0
2279 3149 0
2183 3309 0
354 4091 0
1443 8887 0
1288 9652 0
2498 8569 0
1361 9843 0
2014 8724 0
2644 9273 0
2026 9841 0
1516 9393 0
1034 9108 0
2831 8487 0
2388 9627 0
2798 8629 0
1097 9959 0
1627 8509 0
1401 9085 0
2187 8510 0
2647 8894 0
2648 8721 0
2674 9598 0
1129 9626 0
2760 9308 0
1835 8915 0
1886 9011 0
2933 9972 0
1649 8516 0
2867 8779 0
1140 9141 0
2933 8807 0
2678 9274 0
2006 8484 0
1451 9538 0
1958 9266 0
1153 8866 0
2283 8424 0
2369 9347 0
2740 9406 0
2368 8465 0
2083 8514 0
1681 8658 0
2188 8482 0
2336 8596 0
2238 9207 0
1639 8695 0
2865 9341 0
1360 8639 0
2109 8918 0
1729 9978 0
1558 8904 0
1153 9913 0
2521 8684 0
2581 9871 0
2424 9951 0
2375 8742 0
1440 8451 0
1454 9975 0
2282 9423 0
6819 4182 0
7778 2742 0
6172 3697 0
7349 3701 0
6368 2419 0
7546 2378 0
7475 2388 0
6475 2780 0
7404 3673 0
6321 2636 0
6916 2620 0
7031 3140 0
5892 2712 0
6388 3619 0
5896 2316 0
6477 3351 0
6307 4100 0
5843 3516 0
6281 2276 0
7053 2777 0
6365 4080 0
7169 4038 0
6044 2995 0
7603 2496 0
7545 3345 0
7377 4123 0
7165 2707 0
6906 3888 0
7170 3501 0
7197 3443 0
7284 3096 0
6091 3195 0
7328 3937 0
5877 3861 0
7744 3673 0
5826 4055 0
6424 2453 0
5894 2494 0
5790 3823 0
6611 3719 0
7387 2452 0
7274 3511 0
6679 2640 0
7761 3714 0
7703 3578 0
6030 2540 0
6921 2947 0
7152 3400 0
7030 4131 0
7216 2248 0
5984 3048 0
7022 3387 0
6262 3302 0
6404 2572 0
7367 3959 0
7716 3865 0
5431 5801 0
5121 5297 0
5158 5915 0
4604 5056 0
4166 5513 0
3925 5387 0
3791 5841 0
4972 5058 0
4790 6074 0
4112 6548 0
5097 5622 0
5187 5063 0
4724 6061 0
4256 5019 0
4822 5015 0
5188 5215 0
5784 5602 0
4580 6190 0
4885 4971 0
5530 4925 0
5627 5494 0
4327 5552 0
5282 5205 0
5216 6254 0
4971 6252 0
4037 5736 0
4778 5809 0
4673 5168 0
5188 5986 0
4176 5801 0
4300 5011 0
4828 5809 0
5468 5698 0
4570 6027 0
4645 5517 0
5567 6461 0
4504 6763 0
4309 5581 0
4516 4913 0
5501 5293 0
5210 5450 0
3887 5963 0
3989 6727 0
5219 5439 0
5508 6516 0
3960 5438 0
5726 6033 0
4543 5082 0
4100 6731 0
3858 4968 0
4431 6545 0
4615 6683 0
4489 6295 0
4208 5617 0
4664 6749 0
5304 5918 0
608 6581 0
602 5590 0
2371 5152 0
669 6901 0
899 7014 0
1698 6283 0
2579 6042 0
606 5417 0
2282 6281 0
2221 5956 0
2435 6071 0
2068 6101 0
1868 6680 0
1311 6850 0
1756 5396 0
2481 6528 0
842 6628 0
2027 5248 0
1858 6542 0
1483 6213 0
2206 6736 0
1720 5892 0
1853 6319 0
871 5973 0
1678 6750 0
2532 6259 0
1002 5334 0
1772 5374 0
1912 5210 0
2051 5970 0
1886 6537 0
2395 6952 0
867 5131 0
1108 5745 0
1548 6908 0
918 6214 0
2282 6628 0
1687 5869 0
2157 6068 0
1218 6566 0
1358 6777 0
1513 5888 0
757 5759 0
897 6914 0
727 6437 0
1967 6241 0
1882 6985 0
1673 6110 0
715 6354 0
2554 6447 0
2364 6174 0
1449 5464 0
2591 6932 0
1622 5939 0
1616 5775 0
1871 7024 0
2452 9530 0
1229 9727 0
1993 8512 0
1420 8625 0
1162 8719 0
1832 9665 0
1670 9659 0
1588 8822 0
2022 8305 0
1216 8284 0
2413 8746 0
1617 9510 0
2704 8880 0
1093 9906 0
2345 9296 0
2867 9492 0
1178 8713 0
1107 9040 0
1795 9279 0
2396 9428 0
1621 9604 0
2843 8625 0
2074 8253 0
2726 8566 0
2672 9616 0
1227 8722 0
1066 9277 0
1726 8531 0
1397 8533 0
1333 9405 0
1693 9422 0
1182 9966 0
1585 9355 0
1904 9243 0
1734 9240 0
2233 8871 0
1809 8834 0
1299 9225 0
1761 9083 0
1599 8501 0
2490 9372 0
1077 9362 0
1773 8320 0
2648 8480 0
1231 9893 0
2035 9138 0
2053 8917 0
2212 9377 0
1843 8610 0
2267 8826 0
2074 8633 0
2274 8176 0
1790 9423 0
1807 9317 0
2617 8473 0
2137 9488 0
9749 2779 0
9179 2806 0
9456 2075 0
9024 2660 0
9920 3422 0
9268 3414 0
9839 2183 0
9026 3543 0
9794 2299 0
9894 3454 0
9764 2504 0
8738 2369 0
9851 3385 0
9003 3932 0
9874 2515 0
9103 2515 0
9395 3010 0
9274 2508 0
9416 2439 0
9293 2751 0
9982 2636 0
8854 3104 0
9525 3755 0
8979 2097 0
9412 2424 0
8956 3275 0
9685 3972 0
9547 3967 0
8740 2038 0
9431 2187 0
9299 2562 0
9709 3531 0
9097 3772 0
9954 3591 0
9273 2177 0
9340 2868 0
9123 3151 0
9655 3070 0
8749 2629 0
9925 3772 0
9049 3439 0
9204 3228 0
9475 2811 0
9772 2672 0
9195 3121 0
9682 3162 0
9458 3854 0
9763 2177 0
8682 3407 0
9324 2650 0
9801 3848 0
9837 3577 0
9362 2972 0
9805 2591 0
9212 3910 0
9965 3255 0
2430 7177 0
1938 9017 0
1747 8391 0
1758 8302 0
2885 8004 0
3033 8353 0
1268 7846 0
1779 8048 0
2083 7999 0
2832 9087 0
1370 7796 0
1926 7775 0
3226 7746 0
1463 8684 0
2385 8786 0
1860 8393 0
2525 8621 0
1429 8097 0
3254 7783 0
1351 7794 0
2121 8074 0
1929 8427 0
3167 7406 0
3070 8718 0
2644 7799 0
2137 7621 0
2471 8253 0
2628 8942 0
2579 8248 0
2752 7833 0
2192 9049 0
2779 8578 0
1430 7232 0
2485 8354 0
2982 8853 0
2469 7862 0
1707 8268 0
2981 7725 0
3059 8258 0
2293 8796 0
1913 7582 0
2723 8613 0
3064 7494 0
3154 7514 0
2323 8467 0
2661 7733 0
3028 7463 0
2986 9003 0
1419 7571 0
2163 7360 0
1584 9004 0
2051 7925 0
1381 7989 0
2682 8322 0
3008 7661 0
2993 7640 0
7364 2605 0
7885 2605 0
8027 2212 0
8196 3018 0
8100 3159 0
6453 2873 0
6795 1676 0
7249 1190 0
6219 1359 0
6513 1779 0
8011 2568 0
7103 2239 0
8056 2683 0
6499 2840 0
7362 1305 0
7824 2308 0
7728 1739 0
7861 1774 0
6708 1676 0
7793 2960 0
6779 1959 0
7863 1753 0
7628 2660 0
7387 2097 0
6543 2887 0
7686 2502 0
7552 2200 0
6392 1988 0
7833 1405 0
6959 2214 0
7087 1346 0
7097 2008 0
7843 2181 0
6455 1537 0
6923 1787 0
7426 2068 0
7338 2732 0
8179 2332 0
7912 1691 0
7716 2988 0
6558 1849 0
7507 1693 0
7400 1758 0
7764 2645 0
6262 2861 0
6674 1238 0
7211 3175 0
6279 2561 0
7256 2172 0
6636 1309 0
6885 1427 0
8165 2930 0
6612 2761 0
7934 1451 0
7615 1921 0
8055 1438 0
2836 357 0
1251 3001 0
8106 4675 0
3285 3101 0
1001 3354 0
2118 6369 0
1019 7283 0
7583 4994 0
8261 6405 0
7943 2963 0
2264 7200 0
8889 738 0
3115 9045 0
5845 296 0
6547 7327 0
3639 5863 0
6073 8964 0
7140 8163 0
8819 4607 0
8149 9505 0
2876 5474 0
7340 1028 0
969 3646 0
4529 2884 0
3857 7270 0
7062 2089 0
4058 30 0
1633 4267 0
5843 951 0
3068 7374 0
9344 8812 0
1481 5049 0
2275 4410 0
6486 3107 0
9859 3055 0
7614 1191 0
529 3316 0
4170 2141 0
5801 5314 0
4829 5798 0
2533 8962 0
8707 1089 0
5954 5413 0
8804 2922 0
5712 6154 0
8295 7426 0
1628 3249 0
9114 5327 0
6460 3942 0
1538 4618 0
33 2992 0
8222 4199 0
748 1257 0
4465 3860 0
8182 905 0
1618 1356 0
3710 7893 0
7915 5920 0
4799 8067 0
6899 1143 0
6810 1609 0
5725 2291 0
1985 5343 0
122 2330 0
646 3735 0
9397 8953 0
6083 1815 0
2762 9616 0
1324 9430 0
1176 3462 0
2258 8026 0
3848 5427 0
6373 178 0
7214 7770 0
5893 2433 0
2064 7544 0
7963 8515 0
3768 9510 0
4690 4649 0
9879 2549 0
8762 752 0
6827 9215 0
268 1349 0
6909 5904 0
2306 2090 0
6533 1854 0
8467 6848 0
6627 9063 0
3890 6834 0
5867 7596 0
7555 9890 0
7337 5769 0
6699 6962 0
9092 9403 0
8427 9257 0
3345 1461 0
367 5022 0
4461 9387 0
5985 4773 0
3760 3335 0
1865 6824 0
9139 414 0
8716 2890 0
1053 463 0
6232 1642 0
8954 745 0
4526 9628 0
197 8461 0
3041 1642 0
23 1057 0
3324 641 0
5704 1067 0
523 9656 0
1268 2596 0
9926 6836 0
2134 1743 0
6456 7854 0
2109 5746 0
1641 4333 0
7929 5622 0
8878 6999 0
710 5739 0
3028 366 0
5617 2311 0
7122 342 0
5294 8842 0
5823 4046 0
7524 5585 0
2391 6258 0
7406 3712 0
3195 1541 0
2555 3479 0
1948 842 0
8024 2805 0
1573 866 0
1594 3636 0
9282 3843 0
7611 5154 0
2421 1618 0
7698 7654 0
5084 3478 0
2292 6678 0
7046 5719 0
7087 4265 0
4734 7241 0
3047 5847 0
321 8387 0
7961 4312 0
2992 3415 0
3106 4685 0
4776 986 0
4080 6565 0
109 1907 0
1197 9020 0
7155 1575 0
4717 9149 0
4757 9252 0
3329 994 0
9149 6592 0
2248 8882 0
5148 6895 0
6609 107 0
1130 888 0
9454 2156 0
1014 7075 0
2747 8724 0
9496 6720 0
1741 9120 0
231 8301 0
8136 7936 0
4914 2653 0
4636 5872 0
2419 51 0
1612 8330 0
4690 4649 0
4115 4061 0
4147 4556 0
6005 612 0
3158 6471 0
3356 4924 0
6732 6044 0
7182 3331 0
3426 313 0
4024 8315 0
323 9158 0
8670 8663 0
6070 5374 0
6591 8376 0
6417 1978 0
5664 203 0
9437 1108 0
1615 5055 0
5980 7304 0
1601 9469 0
4347 244 0
5301 7313 0
4620 4826 0
5901 2435 0
5400 5604 0
2592 3524 0
4401 62 0
9966 2779 0
9837 265 0
7330 1295 0
9679 2334 0
910 3962 0
6938 9859 0
2452 231 0
6334 9839 0
3043 6147 0
7701 3413 0
4684 1299 0
958 3439 0
9150 6130 0
5276 1905 0
8519 3613 0
4633 1912 0
4941 482 0
611 6875 0
8231 5915 0
5956 6030 0
6903 2713 0
3232 4791 0
3077 8532 0
9017 195 0
5117 9065 0
3054 3565 0
8027 2103 0
8056 9974 0
8106 9507 0
1271 2783 0
3542 6165 0
6620 1734 0
9323 2765 0
9736 6361 0
2609 6264 0
6094 421 0
2890 6153 0
466 5752 0
5201 4978 0
7831 454 0
59 680 0
3335 4790 0
2405 6998 0
9584 2578 0
6010 6960 0
8929 8344 0
411 5118 0
7810 2711 0
187 3373 0
1972 7447 0
548 5360 0
2385 7252 0
76 4669 0
345 6385 0
3376 7968 0
4566 724 0
5643 5497 0
1898 1228 0
8394 1822 0
103 413 0
2014 6229 0
2558 5566 0
2255 8833 0
2757 8714 0
1484 8490 0
4223 4129 0
4050 2436 0
2963 9142 0
5552 999 0
1713 7933 0
161 2805 0
1132 1380 0
2799 8953 0
2168 255 0
7114 9859 0
9012 4644 0
1458 9397 0
2464 6234 0
243 6135 0
6272 7760 0
9560 6726 0
2668 5250 0
711 5494 0
412 5824 0
584 2574 0
1038 4620 0
6483 283 0
7402 6425 0
6173 7243 0
8459 87 0
5266 4772 0
1553 6960 0
7293 6081 0
4234 3265 0
5764 4391 0
881 4313 0
8226 4001 0
1719 4390 0
1413 5180 0
4921 3151 0
7216 2112 0
2883 1590 0
4150 8737 0
2094 1172 0
5538 1809 0
1733 4778 0
9924 6115 0
7807 3347 0
5695 4998 0
6425 1305 0
5854 8627 0
9531 2977 0
620 6981 0
681 4131 0
6717 297 0
3171 6497 0
8296 6765 0
5556 948 0
7773 1978 0
1317 7822 0
8318 7011 0
4006 9145 0
9254 1031 0
4090 8395 0
3970 2919 0
7894 5269 0
3460 7333 0
7285 5129 0
2340 1391 0
5472 214 0
5208 8082 0
1675 5990 0
7522 4664 0
2085 259 0
5768 5710 0
1209 194 0
4802 8379 0
9204 6294 0
4728 4790 0
733 4901 0
5261 3201 0
3731 732 0
5970 5674 0
105 4097 0
8358 320 0
4626 5507 0
5094 1428 0
6145 4010 0
7224 4262 0
4268 9894 0
3513 9155 0
6470 9318 0
4577 7332 0
7770 6911 0
400 1528 0
9611 9302 0
7668 156 0
9395 8179 0
5027 3349 0
7773 5386 0
2429 6736 0
5895 3324 0
2000 6054 0
6639 900 0
3979 8756 0
5238 5818 0
6231 1697 0
441 7704 0
8973 3990 0
893 1799 0
6351 2302 0
3725 7693 0
5910 8085 0
4355 2017 0
5262 8769 0
155 6076 0
4980 8067 0
487 5675 0
7569 6161 0
8910 9397 0
5030 557 0
2810 2769 0
3126 600 0
2153 6318 0
5574 993 0
6881 9423 0
1258 8057 0
9047 3703 0
2126 156 0
4337 3334 0
7029 2766 0
678 1245 0
9682 8051 0
9665 3168 0
5138 3929 0
6760 6694 0
8604 7231 0
2095 1372 0
7885 4858 0
2331 7076 0
3221 8232 0
3425 2521 0
7975 8548 0
21 1008 0
4455 8808 0
7696 2656 0
8614 4432 0
7757 2581 0
7897 4578 0
8983 370 0
2925 6488 0
622 3260 0
1776 4988 0
6404 9256 0
8414 1779 0
6334 953 0
8608 6021 0
4992 8271 0
4835 9094 0
9425 9693 0
8496 7268 0
6932 8871 0
1017 3480 0
9886 265 0
2455 7858 0
4605 3740 0
3267 1769 0
3844 7617 0
1690 5364 0
2790 7709 0
3695 4954 0
644 1865 0
7987 7819 0
3870 8802 0
4732 8848 0
8986 2895 0
7219 5412 0
4828 9522 0
8912 7884 0
4753 9932 0
5296 3850 0
3605 5659 0
6052 4952 0
78 2881 0
7045 9399 0
2103 8141 0
6917 2546 0
3776 7809 0
5140 6794 0
3245 3068 0
6623 1797 0
12 2481 0
9110 4031 0
5996 3767 0
4341 5445 0
2806 4113 0
1838 5926 0
2896 5919 0
9951 1443 0
4880 2733 0
675 7410 0
796 3506 0
907 8423 0
3136 9433 0
3977 9456 0
9899 8062 0
42 5124 0
403 4752 0
5339 2815 0
1335 2999 0
8238 3660 0
4341 2500 0
2967 9094 0
6534 8982 0
6420 5981 0
6492 2766 0
3934 3027 0
7574 1179 0
2263 9373 0
2223 5915 0
3138 2126 0
9304 1267 0
8482 8164 0
3042 9653 0
3855 8717 0
1547 3644 0
8428 4817 0
7139 4543 0
4472 9226 0
1206 3655 0
3646 9772 0
9668 1781 0
2121 7498 0
314 3276 0
657 1920 0
