1000 88 152
2139 1431 0
1727 1950 0
2436 1227 0
3045 1414 0
2195 2146 0
2503 2790 0
2224 1136 0
2278 935 0
2925 822 0
1432 1881 0
1535 1053 0
1594 2090 0
1672 1860 0
2600 937 0
1767 2380 0
2226 2359 0
1380 1047 0
1654 2614 0
2041 821 0
2034 2724 0
2928 2390 0
1363 1616 0
2249 2541 0
2333 1201 0
2195 1374 0
1534 2292 0
1320 1301 0
3020 2625 0
2039 1151 0
2830 2145 0
2595 2011 0
3008 901 0
2060 846 0
1311 2676 0
1346 1800 0
2824 1755 0
1464 2349 0
2123 853 0
2472 1826 0
2134 2445 0
2564 2484 0
2110 2746 0
2929 1231 0
1543 2330 0
3270 2603 0
1497 2035 0
1887 2010 0
1768 1765 0
2232 1174 0
2075 1471 0
1768 979 0
1696 1137 0
1928 2624 0
2657 1917 0
1961 1891 0
2434 1820 0
9103 8976 0
9505 7436 0
8744 9199 0
8972 7887 0
8644 9306 0
8924 8114 0
8953 8006 0
9605 7811 0
9669 8091 0
9890 8620 0
8711 9169 0
9990 9047 0
9154 8580 0
8622 8790 0
9526 7770 0
9424 8449 0
9211 8780 0
8828 8997 0
9556 9101 0
9874 8350 0
9023 9201 0
9061 8885 0
9930 8577 0
9278 8880 0
9648 9215 0
9099 9190 0
8577 9286 0
9128 8227 0
9668 8299 0
8973 8056 0
9270 7435 0
9236 8647 0
9324 8289 0
8931 7797 0
9102 7623 0
8880 8805 0
9464 9083 0
9319 7946 0
9340 8778 0
8852 8393 0
9862 8771 0
9126 9257 0
8593 8992 0
9142 7782 0
8602 8539 0
9755 7467 0
8978 8513 0
8614 8346 0
8916 8546 0
9623 7458 0
9162 8916 0
9887 9307 0
9295 7466 0
8568 8518 0
9761 8337 0
9400 7701 0
9178 5242 0
9821 3580 0
9545 5462 0
9595 3960 0
9529 5462 0
9997 4677 0
9942 4742 0
9081 4640 0
9708 5023 0
9124 5183 0
9352 5057 0
9013 4335 0
9956 4901 0
9849 4238 0
9730 3874 0
9191 4445 0
9277 4706 0
9115 4605 0
9157 5156 0
9342 4360 0
9427 4707 0
9673 4328 0
9577 4709 0
8756 4889 0
9332 4084 0
8835 5111 0
9218 3959 0
9242 3600 0
9517 3689 0
9532 3850 0
9091 5485 0
9357 4002 0
9548 5084 0
9323 4718 0
9223 4175 0
9992 4223 0
9356 4170 0
9380 4494 0
9984 3791 0
9721 4545 0
9823 5335 0
8844 4625 0
9903 5522 0
9190 4043 0
8844 5451 0
8925 4752 0
8907 4015 0
9825 4556 0
8908 5061 0
9724 3774 0
9843 4234 0
8842 5332 0
9236 5511 0
9791 4626 0
9416 4070 0
8944 3665 0
2455 3711 0
2975 2643 0
2113 3792 0
3380 4134 0
1529 3961 0
1699 3121 0
2494 3083 0
2046 3881 0
2949 2230 0
3293 2875 0
2250 3108 0
2810 3600 0
2655 3647 0
1995 3798 0
2740 2849 0
2255 3605 0
3290 3739 0
2734 2258 0
2872 2447 0
2920 4001 0
2426 3813 0
2211 2326 0
2281 3273 0
2249 3227 0
2630 3460 0
1710 2996 0
2883 4163 0
2426 4062 0
2136 4102 0
3250 2434 0
2543 3278 0
1446 4120 0
3011 2608 0
1900 2309 0
3251 2576 0
2582 3692 0
1553 2207 0
2128 3673 0
2008 3574 0
2296 2511 0
1671 2283 0
1979 4067 0
2952 3078 0
2189 2914 0
3051 4100 0
2287 2667 0
1488 3942 0
1460 3361 0
2413 3368 0
1777 2564 0
3100 2703 0
2382 3013 0
2209 3916 0
3168 2699 0
1820 3866 0
2856 3843 0
8509 8255 0
8888 7140 0
8520 6889 0
7687 7144 0
8206 8235 0
8648 8021 0
8151 7956 0
7144 8187 0
7505 7086 0
8330 8224 0
8569 6452 0
8096 6303 0
9006 7250 0
8741 7508 0
7175 6888 0
8693 6680 0
7162 8087 0
7872 7049 0
8164 7032 0
8817 7183 0
8688 7732 0
8554 7264 0
7538 8011 0
8135 6995 0
8393 8084 0
7678 6320 0
8715 8069 0
7437 6828 0
8650 6437 0
8316 7762 0
8544 8118 0
8560 7564 0
8453 6318 0
8917 6980 0
8258 7164 0
8938 6516 0
9050 7209 0
7751 6429 0
7477 7429 0
7975 8217 0
9049 7176 0
8530 7746 0
7627 7297 0
7512 6736 0
8117 6498 0
7914 6998 0
7786 7980 0
7482 7680 0
7827 7055 0
8913 6461 0
8117 6543 0
8108 7880 0
7764 7536 0
9030 7170 0
8339 7084 0
7532 6802 0
1769 957 0
1933 1060 0
1474 292 0
1229 682 0
1367 608 0
618 978 0
1483 833 0
1522 30 0
1468 529 0
1439 73 0
2078 711 0
1171 1091 0
989 718 0
1704 23 0
1103 954 0
1162 857 0
1696 1144 0
2329 1051 0
2076 565 0
1502 395 0
1248 113 0
545 266 0
1340 554 0
1812 1004 0
625 163 0
1618 339 0
1689 655 0
2400 355 0
1701 74 0
2035 975 0
2211 1065 0
1010 654 0
1546 87 0
785 1116 0
1003 607 0
1490 439 0
2439 90 0
1486 880 0
967 147 0
1120 993 0
2192 155 0
1975 804 0
2208 529 0
1274 1098 0
768 168 0
2438 633 0
981 945 0
2145 369 0
2283 173 0
965 509 0
2271 1106 0
1633 220 0
599 316 0
1311 749 0
2397 781 0
1308 553 0
6034 3207 0
5290 1970 0
4835 2251 0
5810 1447 0
5298 1501 0
4303 1457 0
5927 2040 0
4454 3221 0
4879 1424 0
5821 1554 0
5783 2744 0
5623 2934 0
5950 3080 0
5101 2612 0
5547 2674 0
5966 3213 0
5842 1731 0
4744 2751 0
6047 2113 0
5314 2907 0
6205 2946 0
5427 2587 0
5323 2151 0
4734 2492 0
6077 2253 0
5867 2556 0
5099 2546 0
4567 2402 0
5317 2531 0
5206 1985 0
5105 2617 0
5666 3281 0
5052 2343 0
4720 2163 0
5996 3073 0
4957 2643 0
5520 3189 0
4779 2221 0
5973 2675 0
5704 2818 0
5823 3213 0
4618 2180 0
5804 2330 0
4744 3268 0
6016 2001 0
5947 2187 0
6148 1886 0
5704 2888 0
5597 1907 0
4912 2917 0
4528 2141 0
5206 2610 0
5304 3089 0
4325 2186 0
5531 2409 0
6125 2339 0
6980 3903 0
6264 3079 0
6779 3101 0
7395 2860 0
7355 2411 0
7498 3472 0
6429 2591 0
8060 3223 0
7369 2289 0
6490 3352 0
7485 3634 0
8015 2857 0
6477 3767 0
7255 2271 0
7694 3217 0
6572 2238 0
7913 3305 0
7054 2592 0
8104 2403 0
7926 2892 0
8204 2452 0
6389 3784 0
7791 2580 0
7645 2952 0
6860 3068 0
6479 3159 0
6609 2288 0
6410 2131 0
7874 2336 0
8190 3496 0
6274 3567 0
7125 2611 0
7194 3380 0
7176 3373 0
7280 3155 0
6798 2810 0
8145 2394 0
6306 2290 0
7405 3883 0
6450 3035 0
8049 3599 0
6707 2842 0
6612 2353 0
7714 2609 0
8118 2883 0
6818 2516 0
6725 2218 0
8179 2096 0
7120 3095 0
8025 3032 0
6744 2280 0
8062 3376 0
7891 3992 0
7769 3491 0
6567 2100 0
6422 3897 0
8050 4936 0
6929 5757 0
7459 5685 0
7621 5971 0
7167 5204 0
7107 6650 0
7276 5158 0
7503 5411 0
6720 6239 0
8222 4954 0
8315 5455 0
7730 6170 0
8103 6573 0
7242 6303 0
7647 5493 0
7114 5848 0
8032 6826 0
7020 6242 0
7489 5890 0
8348 5534 0
6894 6696 0
8272 5605 0
7378 5954 0
6567 6376 0
8356 5342 0
7575 5019 0
8033 5282 0
7542 6318 0
7640 5451 0
7224 5139 0
7381 5921 0
7616 5634 0
8009 6480 0
6663 6167 0
7874 5052 0
8306 5068 0
8097 5363 0
6811 6180 0
8432 6244 0
8142 5454 0
6711 6177 0
7341 6127 0
7911 6109 0
7738 5051 0
7894 5761 0
7480 6764 0
7241 5370 0
7464 5575 0
7887 4990 0
7401 5751 0
7969 5009 0
6933 4884 0
6868 5098 0
7058 6682 0
8218 5419 0
7760 5033 0
9666 3048 0
8179 9373 0
3761 540 0
5189 1533 0
7119 8385 0
4591 8821 0
3593 5529 0
753 8898 0
1289 7743 0
4854 8892 0
7383 4177 0
798 731 0
7520 5574 0
6724 2184 0
7636 1560 0
4060 7676 0
4221 4421 0
738 9183 0
1174 1663 0
5847 7046 0
1980 490 0
8017 4921 0
6928 9608 0
7249 7163 0
1207 3334 0
5486 3832 0
2223 9979 0
4521 9885 0
4806 5110 0
6014 7446 0
2427 3693 0
189 9164 0
2205 9067 0
783 9865 0
656 5125 0
6592 5554 0
548 4281 0
2541 314 0
9851 4295 0
5003 948 0
9758 1016 0
9482 4301 0
1640 6578 0
7711 337 0
621 5131 0
7522 6483 0
6136 1932 0
9170 511 0
8014 5822 0
2711 4551 0
3047 6435 0
904 4988 0
5918 3840 0
227 5894 0
9755 955 0
6081 7548 0
6318 3927 0
4786 905 0
4595 4485 0
3379 1635 0
2648 6543 0
1691 8514 0
5940 9125 0
4556 6897 0
1886 4939 0
3010 6358 0
9875 271 0
6094 5623 0
4963 7998 0
3845 8563 0
6116 4371 0
6315 5435 0
3368 8276 0
5992 3766 0
3724 7256 0
5807 182 0
8832 5211 0
1746 995 0
5832 331 0
9156 7341 0
8465 5183 0
9462 253 0
8943 3752 0
9531 893 0
9464 905 0
2161 3566 0
2441 7036 0
9021 7788 0
1897 2288 0
602 5618 0
5693 5332 0
144 1125 0
3779 1426 0
2797 8148 0
5537 745 0
2369 7982 0
1603 3141 0
3130 4568 0
1766 858 0
219 7756 0
9049 2999 0
1478 8849 0
6434 7670 0
8564 8985 0
5853 4627 0
7931 8938 0
577 6992 0
2509 2242 0
6103 9118 0
4743 6679 0
2365 5285 0
4841 1319 0
9980 2918 0
3944 7097 0
9214 5222 0
2966 3064 0
7656 6885 0
6198 6037 0
9424 4552 0
2899 92 0
3779 9817 0
5716 7700 0
7269 3722 0
8901 1889 0
9213 335 0
9773 394 0
178 3612 0
7752 9872 0
0 4506 0
9951 9404 0
1865 7649 0
6706 2189 0
197 6568 0
4959 4384 0
2515 8135 0
6611 776 0
909 5512 0
4744 3349 0
4842 819 0
8253 8537 0
7098 1980 0
3259 6379 0
691 1501 0
7327 7989 0
7423 7382 0
8200 9717 0
6007 4516 0
3985 5315 0
8653 6952 0
5668 5213 0
9941 9361 0
1036 1272 0
1423 7968 0
2805 8742 0
8917 7019 0
3658 1866 0
9888 8397 0
1739 814 0
13 478 0
9989 4775 0
3804 1968 0
8355 6367 0
9509 6862 0
9541 4884 0
3491 1813 0
7119 3833 0
1099 8059 0
7996 2265 0
2208 4728 0
1488 9809 0
1983 3167 0
3206 5331 0
6703 9583 0
9041 9671 0
3382 5876 0
1225 862 0
8154 1581 0
8222 571 0
3440 3697 0
6522 3856 0
2172 4592 0
4653 2517 0
7519 986 0
3096 2644 0
9816 6678 0
9444 1324 0
8400 9495 0
8852 8610 0
2972 8672 0
42 662 0
544 9743 0
8730 2598 0
4202 4231 0
4340 4513 0
2336 3315 0
8132 3261 0
6761 5941 0
6464 4902 0
1476 3130 0
8292 5294 0
5078 4630 0
973 515 0
8460 4207 0
4809 7846 0
8396 4091 0
5651 1663 0
3417 1437 0
4901 378 0
5700 7849 0
5226 7044 0
9729 6947 0
7564 3900 0
6540 9720 0
8111 50 0
2775 2280 0
6260 4024 0
3974 2617 0
2981 3293 0
9134 3868 0
1109 7888 0
1111 532 0
480 2952 0
1560 3827 0
1045 371 0
2498 3784 0
4280 3463 0
5908 5204 0
8812 9695 0
2141 3659 0
5798 4619 0
3200 2527 0
5152 8849 0
3753 9367 0
4220 2152 0
9535 824 0
7885 8761 0
8716 9604 0
722 4899 0
931 1813 0
741 398 0
9581 6848 0
1102 3058 0
6885 7884 0
2160 471 0
7645 997 0
707 314 0
5672 1686 0
2856 6970 0
7354 7938 0
6827 8716 0
6237 5799 0
2375 1194 0
6652 1024 0
3551 2661 0
8298 9269 0
6654 1272 0
6669 7840 0
2681 6903 0
4311 2986 0
2243 4079 0
5596 839 0
2770 316 0
9226 7824 0
1969 6175 0
643 466 0
6293 352 0
4780 820 0
1226 5303 0
6442 8529 0
3566 3278 0
4360 3510 0
5400 3874 0
2212 5892 0
253 1240 0
1300 3816 0
9416 8135 0
1986 6455 0
8124 8264 0
2269 7639 0
5510 2224 0
4164 7379 0
7875 5647 0
2069 4465 0
352 5 0
5920 9352 0
6649 6600 0
3447 8322 0
2987 9448 0
4034 9601 0
121 2163 0
4147 7893 0
7169 2032 0
3585 5943 0
4725 5683 0
5609 1943 0
1136 4006 0
6522 5325 0
6238 4303 0
3599 1347 0
2705 7359 0
8120 2997 0
5225 5315 0
7360 4671 0
9328 5315 0
7227 5785 0
5091 6602 0
2947 4609 0
5633 1518 0
2766 5080 0
4284 3745 0
7079 3417 0
3157 1631 0
5222 3916 0
3787 3868 0
6554 550 0
7226 8430 0
8883 2108 0
1768 7424 0
8515 6938 0
779 5598 0
7223 6766 0
8754 1862 0
668 4077 0
8243 9528 0
1713 6153 0
405 7512 0
4014 5437 0
3460 9303 0
9138 3565 0
9259 546 0
6843 3255 0
7231 5682 0
8879 9212 0
7507 2470 0
1542 2547 0
2216 7804 0
5926 2604 0
2353 6993 0
4696 5829 0
109 1100 0
9040 5642 0
6809 7421 0
975 2221 0
4017 1014 0
8632 6691 0
8662 4697 0
3115 7342 0
2866 2646 0
1529 248 0
6364 4917 0
6259 615 0
4685 3729 0
8321 5572 0
4182 2477 0
9137 2586 0
7326 8020 0
8714 2971 0
2119 9909 0
8838 3699 0
3205 1406 0
2520 7671 0
6949 4642 0
888 3369 0
7434 4143 0
3587 5921 0
1619 1414 0
3786 3368 0
8059 4602 0
6458 2981 0
6183 1612 0
1298 4370 0
6493 899 0
1612 9794 0
4342 9379 0
3493 1279 0
4844 3724 0
7133 3564 0
7791 8296 0
7440 5404 0
6573 8398 0
7370 4042 0
826 3983 0
627 7877 0
5415 1386 0
8518 1593 0
4408 9791 0
2164 4075 0
3889 1788 0
170 6489 0
9494 6482 0
9818 9403 0
2741 6996 0
4083 7672 0
755 396 0
5556 5652 0
4518 3224 0
2453 4230 0
8893 4418 0
9575 2035 0
2268 4242 0
1602 7410 0
7340 2103 0
8636 555 0
4241 1258 0
5001 1535 0
8629 3468 0
8830 7418 0
9396 7194 0
8611 7566 0
5548 9308 0
4174 9607 0
3579 2732 0
7675 9761 0
8073 9051 0
5329 3300 0
4739 2727 0
324 5571 0
9955 2650 0
6828 3165 0
4366 648 0
887 4631 0
2962 703 0
1083 3901 0
2001 9645 0
2724 2689 0
3411 3061 0
1933 5845 0
5853 3042 0
7372 6823 0
8282 3381 0
7443 6610 0
6843 8986 0
8209 939 0
4043 1061 0
7830 1973 0
8212 6124 0
8985 7058 0
3552 4258 0
5492 1961 0
2973 6064 0
7108 5510 0
2482 6987 0
2172 291 0
9943 6924 0
8618 9888 0
7266 3133 0
4921 7071 0
9184 7100 0
6465 8719 0
7119 4500 0
3383 7324 0
2401 7699 0
1065 1159 0
1422 8781 0
9293 135 0
9811 4402 0
1842 4151 0
8122 573 0
9087 2076 0
6284 8856 0
383 861 0
8475 3783 0
7408 1665 0
3289 5973 0
4575 4235 0
5111 5768 0
2265 7748 0
6483 5586 0
5475 5452 0
7791 4685 0
493 4093 0
3824 899 0
4066 2556 0
3306 9544 0
5305 7227 0
6438 7605 0
7400 5319 0
8717 1574 0
3036 9683 0
4813 9548 0
5097 411 0
4624 360 0
6192 8902 0
5322 780 0
2111 1322 0
467 1840 0
9731 7447 0
6481 5585 0
7831 9502 0
749 7083 0
7662 4226 0
2978 8741 0
2985 1244 0
3417 9398 0
4080 52 0
1108 2199 0
