1450 71 77
7639 5785 0
8778 5963 0
8337 4173 0
7239 4877 0
8560 4296 0
8731 5648 0
7987 4253 0
7518 4918 0
8477 5969 0
7342 5503 0
9018 5657 0
7540 4177 0
8723 5496 0
9125 5825 0
7298 5997 0
7708 4280 0
7363 6067 0
7251 5300 0
8684 5608 0
8981 4931 0
8047 5717 0
7519 4980 0
7740 5333 0
8394 5729 0
8190 5262 0
9104 5873 0
7306 5009 0
7323 4868 0
8746 5005 0
8628 4692 0
8367 5703 0
8283 5335 0
9007 5586 0
8634 5746 0
8353 4403 0
8180 4638 0
7834 4821 0
8232 5839 0
8419 5861 0
7341 5487 0
8807 5765 0
9181 4156 0
8550 5488 0
8913 5683 0
8302 5363 0
7911 4075 0
8299 5123 0
7438 5058 0
8163 4971 0
7570 5931 0
7556 4810 0
7829 5060 0
8953 4626 0
8737 5295 0
7491 5659 0
8059 5445 0
969 7361 0
1063 8019 0
2471 7002 0
1635 7784 0
1278 7044 0
1358 8219 0
2837 7439 0
1593 8931 0
1188 7618 0
2226 8659 0
2673 7942 0
2788 8651 0
1681 8236 0
1399 8209 0
1028 8174 0
2317 7690 0
1552 7263 0
2053 8904 0
2533 7340 0
2045 7108 0
1244 7422 0
2616 8764 0
1974 7333 0
1275 7530 0
2259 8105 0
2797 8503 0
2509 8710 0
2852 8643 0
939 7073 0
1715 8081 0
1675 8308 0
1279 7754 0
1308 7504 0
1710 8729 0
2818 7316 0
1640 7702 0
1082 8719 0
2315 7779 0
2373 8118 0
1107 7081 0
2850 8499 0
1773 8642 0
2025 7529 0
2532 8204 0
946 8295 0
2411 8952 0
2386 7637 0
2575 8946 0
1890 8058 0
2885 7905 0
1439 7003 0
996 7252 0
2646 7414 0
1733 8666 0
2579 7079 0
1946 7245 0
1953 516 0
1778 128 0
731 84 0
1443 1263 0
1056 759 0
1065 1205 0
1949 97 0
680 660 0
800 491 0
1463 491 0
1209 1230 0
397 116 0
740 1060 0
888 178 0
2004 934 0
652 87 0
1212 1012 0
1694 788 0
1911 952 0
1901 761 0
1667 1244 0
1501 483 0
1477 714 0
1853 7 0
1435 378 0
478 993 0
971 1026 0
369 438 0
279 949 0
598 580 0
809 710 0
705 761 0
1804 40 0
646 154 0
1727 377 0
1340 16 0
827 733 0
1945 659 0
751 392 0
785 700 0
221 1114 0
995 987 0
420 1006 0
1471 590 0
517 1074 0
1946 360 0
1762 774 0
1410 960 0
645 707 0
2015 937 0
1410 1006 0
426 1122 0
1924 442 0
1371 857 0
1582 307 0
426 1041 0
814 5493 0
1810 5800 0
1493 6747 0
2211 5883 0
1726 6866 0
741 5473 0
2028 5738 0
1936 6259 0
765 5194 0
1924 5683 0
929 5161 0
2001 5297 0
998 5517 0
1389 5601 0
2176 5605 0
2491 6735 0
1358 5594 0
2064 5624 0
2382 5929 0
1643 6519 0
1514 6138 0
1044 6510 0
2154 5697 0
2272 5610 0
1175 6486 0
953 4978 0
2195 4898 0
758 6645 0
925 5579 0
2463 5762 0
2562 5547 0
2094 5947 0
1903 5986 0
1329 4947 0
1493 6673 0
1956 6451 0
1281 5667 0
969 5557 0
1921 5890 0
1669 6634 0
1049 5113 0
1889 5281 0
768 5119 0
1962 5785 0
1824 6348 0
1615 6343 0
1600 4929 0
2186 5519 0
1991 5329 0
964 4929 0
1554 6436 0
831 5256 0
2127 6733 0
2597 4918 0
1654 6617 0
2113 6751 0
8134 364 0
7125 1437 0
7680 1564 0
8717 1233 0
7905 266 0
8586 254 0
8597 1005 0
6926 301 0
8296 932 0
7621 1154 0
7614 1246 0
7163 895 0
8296 546 0
8680 1388 0
8299 968 0
7183 276 0
8553 1469 0
8627 1086 0
7991 1315 0
8273 1062 0
8157 764 0
7880 1609 0
7926 378 0
8466 1606 0
6778 1609 0
7531 1009 0
7422 91 0
7989 693 0
7993 383 0
6777 1275 0
7906 553 0
8730 183 0
7813 1063 0
6818 1218 0
8690 24 0
8383 1303 0
6916 173 0
7473 313 0
6812 1460 0
7879 1209 0
7921 1082 0
7363 389 0
8452 945 0
8148 904 0
8497 1246 0
8144 98 0
8773 1046 0
8019 854 0
7922 701 0
7988 1331 0
7591 1519 0
7873 1204 0
7680 854 0
6903 365 0
6851 1160 0
8633 1391 0
3048 9105 0
3061 8670 0
2725 8141 0
2942 7765 0
2940 7557 0
3693 8776 0
2844 7862 0
3037 7974 0
4096 7932 0
4285 9052 0
4263 8260 0
3024 9351 0
3297 8406 0
3383 7463 0
2740 8499 0
3682 8132 0
2774 9190 0
3074 9282 0
3651 8530 0
4062 7507 0
2877 7657 0
2999 7932 0
2632 7725 0
3394 8947 0
2838 8509 0
3865 9066 0
3620 9071 0
2472 8176 0
3031 9277 0
2831 7849 0
4041 7539 0
2600 8552 0
3047 9168 0
3662 8228 0
2743 7927 0
3001 7842 0
3031 8292 0
2918 9019 0
3485 7757 0
3417 8141 0
4294 9061 0
2343 7908 0
2467 9405 0
2586 8960 0
3478 7734 0
3367 7844 0
2720 8024 0
2602 8141 0
3100 8317 0
2647 7431 0
4145 7909 0
3880 8392 0
3147 7646 0
2738 8840 0
3878 7549 0
2459 8038 0
1715 4147 0
2947 3632 0
3094 5501 0
2554 4377 0
2151 4724 0
3102 3889 0
2941 4824 0
3020 5526 0
2571 3551 0
2107 5393 0
2629 5315 0
2727 5460 0
2288 4532 0
3180 5499 0
2486 4149 0
3199 5357 0
1995 3671 0
2579 4595 0
3060 5140 0
2437 5448 0
2134 5493 0
3530 5424 0
3063 4509 0
2700 5429 0
3112 3568 0
2937 3924 0
1966 5043 0
2249 5415 0
2367 3746 0
3306 3736 0
2610 5152 0
2974 4009 0
2545 3879 0
3496 3858 0
2865 4338 0
3181 4573 0
3032 4301 0
3228 5405 0
2575 4655 0
2365 3862 0
2402 3683 0
2249 3918 0
2940 4260 0
1789 4413 0
3171 4267 0
2202 3976 0
3478 4762 0
1807 5255 0
3173 5453 0
2065 4278 0
2070 3664 0
1999 3932 0
2633 3584 0
3127 4639 0
2483 5207 0
1824 4698 0
4365 9492 0
3185 9701 0
4438 9054 0
3999 8812 0
3530 9389 0
4651 9064 0
4403 9005 0
3598 9076 0
5040 9547 0
4742 9952 0
3674 9617 0
4158 9435 0
3413 9941 0
3771 9366 0
3324 9445 0
4119 9053 0
3892 9506 0
3820 9911 0
3885 8747 0
3924 9664 0
3880 8991 0
4272 9415 0
3466 9610 0
3246 9899 0
4991 9348 0
5054 8754 0
5020 9918 0
3652 9155 0
3279 9881 0
3197 8988 0
4121 9577 0
3217 9117 0
3699 9557 0
3320 8772 0
4547 8918 0
3261 8871 0
3923 9095 0
3479 9024 0
3649 8779 0
4352 9935 0
4683 9433 0
3922 8891 0
3875 9806 0
4578 8929 0
4014 9691 0
3836 9685 0
3551 9532 0
3683 8876 0
4975 9857 0
4082 9613 0
5027 9037 0
4404 8833 0
3397 9723 0
3879 9063 0
4922 9521 0
3674 9352 0
2537 8106 0
1846 9892 0
2035 8189 0
2721 8440 0
1641 9931 0
1023 9721 0
1215 8664 0
2122 8666 0
859 8293 0
821 9538 0
1463 8655 0
2591 9830 0
2297 8345 0
1580 9225 0
1756 9327 0
2575 8512 0
1546 9116 0
2377 9870 0
2761 8582 0
1857 9824 0
2775 8759 0
1630 8715 0
2215 8781 0
2712 9892 0
1121 9585 0
1101 8443 0
2300 8690 0
1644 9022 0
1235 8400 0
2326 9269 0
2293 8482 0
1034 9589 0
1257 9745 0
1370 8520 0
1705 9533 0
986 9084 0
1891 9919 0
2156 8485 0
1738 9292 0
1159 9305 0
928 9781 0
2028 9363 0
1491 8529 0
1572 9790 0
1365 9555 0
1231 9552 0
1773 8479 0
1737 8336 0
1686 9130 0
1319 8717 0
1727 8271 0
2497 9084 0
1537 9761 0
1870 9945 0
1292 8856 0
1888 9720 0
4171 7869 0
382 1439 0
1709 5483 0
5126 4365 0
1808 1048 0
3754 6116 0
3620 1735 0
3063 6167 0
6567 3069 0
466 1519 0
8454 1386 0
2381 6910 0
1413 2370 0
14 3425 0
2865 296 0
589 1128 0
3457 6715 0
6444 2200 0
1771 3289 0
4419 1512 0
9301 383 0
3371 327 0
1557 2573 0
7596 1137 0
2297 3530 0
6618 8275 0
108 9301 0
3224 9098 0
6415 2545 0
2838 9453 0
9746 8029 0
4098 2776 0
8463 2154 0
3323 4485 0
4631 1676 0
4550 2495 0
7802 8124 0
2741 3252 0
7546 2251 0
5751 5950 0
8938 7487 0
4072 3981 0
2267 3355 0
3849 7735 0
737 6845 0
4849 4083 0
6471 6284 0
1388 128 0
6272 7705 0
453 6047 0
5628 6480 0
7536 7612 0
9227 4160 0
278 2790 0
8035 3983 0
1110 7722 0
2129 423 0
8855 9092 0
9823 3027 0
9783 720 0
4750 8944 0
5529 980 0
5459 3526 0
6767 3528 0
6791 1901 0
3671 9469 0
1160 2012 0
6637 346 0
8739 8058 0
578 8467 0
8727 9800 0
5472 2482 0
3674 5502 0
3732 931 0
4124 9102 0
8781 1010 0
7182 7737 0
3720 8711 0
9337 9854 0
4869 7800 0
4122 5819 0
392 6911 0
4271 838 0
5505 3366 0
2365 4246 0
1471 6773 0
6671 3242 0
6044 829 0
5585 6492 0
7494 5989 0
9981 8736 0
5042 4689 0
7533 4213 0
5098 6289 0
7102 3152 0
1495 8250 0
3026 6655 0
5378 4907 0
8496 9690 0
4844 2308 0
8990 1282 0
5956 4469 0
3075 4350 0
4082 4097 0
7237 572 0
9541 2529 0
1599 1929 0
5273 567 0
860 2212 0
1780 6932 0
2586 2098 0
8899 281 0
8648 5875 0
408 2151 0
6034 7833 0
1940 63 0
4932 8614 0
4967 2106 0
6736 7226 0
2321 4478 0
1061 5111 0
6085 4508 0
9891 3456 0
6375 5535 0
3974 3274 0
2360 2158 0
1259 8278 0
3862 2958 0
2537 2175 0
1995 878 0
2847 7324 0
813 1558 0
3529 1748 0
967 2915 0
8885 5744 0
433 6145 0
2206 1302 0
9509 4990 0
1091 3126 0
65 9469 0
5277 8894 0
9762 4384 0
2359 1259 0
1439 2106 0
9323 890 0
5201 8585 0
912 9833 0
1748 1628 0
1878 4777 0
6280 9459 0
8691 8267 0
9147 1994 0
6305 350 0
3366 5358 0
270 1876 0
160 9977 0
7111 3538 0
6447 7308 0
2952 139 0
8296 394 0
8062 3692 0
2581 9553 0
317 8039 0
9250 4807 0
8497 2083 0
6984 692 0
5008 4056 0
2825 248 0
7230 2420 0
7951 7237 0
9525 6302 0
3769 967 0
8867 4597 0
6264 923 0
7415 2385 0
6196 9505 0
7313 4604 0
9367 2901 0
57 5743 0
2653 1594 0
3722 5110 0
1682 375 0
1475 2836 0
3988 3468 0
7938 3289 0
5310 6149 0
6350 7218 0
2243 1100 0
6012 390 0
5488 3860 0
790 7714 0
3074 1592 0
4861 4384 0
5701 1126 0
7577 4688 0
1964 5064 0
6794 588 0
5900 7512 0
6472 1848 0
2838 6588 0
460 5334 0
3383 3356 0
7361 3285 0
9813 8864 0
4750 4785 0
8029 7886 0
6416 4704 0
2641 1318 0
4233 2239 0
6846 1870 0
6866 2424 0
6257 5705 0
6594 8765 0
9383 9309 0
9082 3659 0
5001 8161 0
1462 1988 0
8074 1402 0
4065 426 0
9841 8349 0
94 2824 0
7574 5281 0
564 417 0
5445 5651 0
4476 7060 0
577 6152 0
8516 2901 0
7261 4794 0
4732 5690 0
1442 3030 0
275 1519 0
4530 5071 0
2345 7468 0
7615 2675 0
8859 88 0
9437 8804 0
5798 9401 0
2185 3634 0
8891 6658 0
752 6903 0
7550 2224 0
4547 2580 0
731 6483 0
5877 9834 0
5591 8394 0
135 2433 0
1541 907 0
9188 2861 0
2648 4380 0
9368 8258 0
6581 9943 0
5706 5926 0
5879 1038 0
9585 9877 0
4600 9010 0
3840 6013 0
9444 2612 0
8695 3281 0
8207 6451 0
769 6992 0
1331 6900 0
9981 1477 0
1341 5297 0
8903 3535 0
2679 9756 0
6734 7103 0
3791 7206 0
4057 4022 0
8805 1281 0
355 8299 0
7741 8833 0
2073 6532 0
377 2634 0
5222 4200 0
8297 9563 0
9358 1423 0
2557 478 0
796 163 0
2932 4224 0
5901 8431 0
2618 913 0
4843 1249 0
9478 743 0
5693 8929 0
7212 6663 0
3644 3855 0
2050 3864 0
8959 7740 0
1465 7848 0
9526 4168 0
9010 3223 0
3953 9121 0
8176 7994 0
5288 2073 0
7846 1287 0
4006 2724 0
4177 2623 0
9598 2649 0
4393 2360 0
3400 7669 0
8290 7433 0
4858 2317 0
5047 3812 0
3989 6516 0
8748 3664 0
5964 1068 0
8885 8704 0
5684 7981 0
8933 3399 0
552 6965 0
5679 2068 0
1186 2272 0
916 438 0
9918 2344 0
5528 97 0
9552 5835 0
759 4340 0
9677 6839 0
3713 1078 0
646 3424 0
3747 5162 0
6109 8500 0
4330 8980 0
449 3854 0
6136 9225 0
3534 2248 0
3640 8261 0
8065 1551 0
2743 9309 0
2343 9278 0
5334 1912 0
2917 2669 0
3633 5777 0
6037 623 0
7470 503 0
71 6224 0
2798 6055 0
510 1828 0
8991 7430 0
502 4044 0
4778 9798 0
985 4230 0
2118 511 0
6903 6488 0
831 9731 0
3453 1296 0
5023 9005 0
9554 7813 0
3653 4799 0
8326 2221 0
9948 2318 0
1266 3494 0
2015 9455 0
8799 5965 0
6933 4615 0
9082 8381 0
4361 8940 0
9353 1185 0
4492 7944 0
2016 2007 0
1531 3914 0
3167 1470 0
4137 8388 0
6677 6448 0
4119 1749 0
2236 8193 0
8855 3478 0
5034 273 0
2448 3972 0
30 5191 0
2137 2672 0
8314 9217 0
9493 2622 0
3309 9313 0
444 1131 0
818 3838 0
8959 9898 0
3531 9628 0
593 1037 0
7767 7428 0
5462 5861 0
8733 5662 0
1323 8113 0
9651 1507 0
2597 9169 0
581 2213 0
869 1513 0
5508 1788 0
8891 7284 0
3932 6547 0
6768 2075 0
4269 7029 0
5910 1814 0
5693 2295 0
2690 3857 0
757 7815 0
800 4332 0
3579 3021 0
4654 6945 0
3250 449 0
1003 3641 0
3425 5523 0
1158 7140 0
1922 2357 0
1599 4116 0
9792 2928 0
5275 7498 0
5471 4912 0
7206 2460 0
9806 7659 0
9169 2170 0
7484 5398 0
9551 362 0
8399 4603 0
426 1003 0
9371 8244 0
953 3475 0
4416 5087 0
3592 2294 0
6541 7836 0
5559 9694 0
649 4297 0
5208 9758 0
6716 5715 0
1550 4793 0
3279 6273 0
311 860 0
5542 2884 0
5238 8537 0
2514 1993 0
651 6286 0
8762 5082 0
4310 528 0
3857 2526 0
4084 4003 0
9182 8521 0
306 4754 0
2426 8727 0
8104 1021 0
2340 5271 0
3882 8883 0
3862 2336 0
171 9042 0
5585 8540 0
4090 9341 0
7689 9507 0
6895 5795 0
8531 1218 0
8123 4844 0
6227 2788 0
4195 6942 0
9568 3049 0
8063 5084 0
2161 1926 0
118 5262 0
8761 3815 0
3855 7265 0
5293 1663 0
4149 2844 0
122 9919 0
5306 7592 0
2798 7146 0
8116 6970 0
5613 896 0
107 8956 0
5054 8772 0
8202 6664 0
4729 5687 0
3121 3482 0
3183 6984 0
8814 5617 0
4716 7699 0
5400 3150 0
5840 8004 0
373 6463 0
779 7340 0
4691 5597 0
5908 2203 0
1780 5739 0
909 2102 0
9960 441 0
2108 6858 0
4283 2142 0
7483 527 0
4109 5352 0
9969 4782 0
2412 2254 0
2550 9135 0
7243 5588 0
1488 970 0
2873 7346 0
2037 9751 0
4499 1449 0
6181 7638 0
8511 5662 0
1967 1207 0
1764 9318 0
7046 5889 0
804 7468 0
5723 4241 0
7753 3319 0
2553 2930 0
4793 6583 0
924 6665 0
1139 5937 0
9149 9619 0
4767 4958 0
3496 3286 0
8031 9367 0
6551 1094 0
1150 1443 0
6308 3227 0
5200 2907 0
8461 8172 0
4104 599 0
10 8502 0
6100 3541 0
7090 3320 0
9831 168 0
9023 1368 0
4033 2049 0
9849 8842 0
1528 9561 0
4402 9727 0
2414 604 0
1266 3395 0
9922 2737 0
9970 7069 0
4088 9123 0
3078 7465 0
9330 4012 0
5936 4403 0
8523 1102 0
9327 9900 0
3638 5453 0
380 843 0
782 7308 0
3452 5581 0
8778 1821 0
6626 4258 0
8995 5245 0
4423 1648 0
8286 7003 0
462 3972 0
7913 5246 0
2250 7699 0
7702 2691 0
277 8570 0
5629 9873 0
3212 8470 0
268 2305 0
5030 6102 0
8042 9877 0
7185 1010 0
5216 3229 0
8114 3330 0
7655 9511 0
4681 8423 0
4322 6792 0
2722 3818 0
3359 387 0
557 6101 0
8755 2332 0
7464 9694 0
6348 6057 0
9142 7940 0
3425 962 0
9404 356 0
72 9011 0
5484 3115 0
6333 8701 0
843 1152 0
4977 3598 0
4088 351 0
1893 368 0
3827 8560 0
7706 8265 0
6795 5372 0
6504 9970 0
9368 6678 0
1757 8848 0
1153 5385 0
1604 2147 0
2487 4769 0
5819 3388 0
659 3129 0
3875 2448 0
4888 1073 0
3460 6183 0
2888 4503 0
2241 8688 0
5164 5011 0
8248 3257 0
7688 7895 0
6331 8384 0
4430 2685 0
4307 4996 0
8863 6494 0
567 1831 0
3894 5016 0
7174 5669 0
4980 523 0
4215 3993 0
432 6702 0
7395 5363 0
4523 1675 0
3007 7091 0
337 8848 0
8053 3757 0
8763 1622 0
6291 9572 0
5839 3570 0
6289 8339 0
4084 3370 0
4583 3436 0
8921 475 0
4725 112 0
5891 3926 0
8952 4018 0
9963 6959 0
9871 563 0
4486 1314 0
8540 497 0
7288 6393 0
7101 8209 0
8265 5061 0
3707 4869 0
9169 9288 0
6030 557 0
547 9815 0
8724 8906 0
5315 3711 0
5500 8297 0
6959 6694 0
5373 3840 0
8150 9171 0
5652 3340 0
5592 4896 0
5101 3537 0
3207 6160 0
2389 4442 0
3937 7496 0
5489 6614 0
3652 1213 0
919 629 0
2397 4445 0
3718 1114 0
3869 3751 0
4157 2440 0
4941 4786 0
5002 7961 0
280 385 0
8073 3739 0
5551 1556 0
2740 3940 0
1443 7867 0
8130 4616 0
2111 2198 0
9905 2776 0
7405 2743 0
6983 1676 0
981 9699 0
2591 6611 0
6493 1837 0
4972 8340 0
5735 3324 0
9944 2002 0
5731 678 0
8204 7075 0
4077 8405 0
6348 1185 0
6937 10000 0
6549 7977 0
7157 6472 0
4027 6659 0
3214 3956 0
5448 7842 0
4482 938 0
6587 94 0
1790 8572 0
7727 6942 0
5061 9741 0
2941 6609 0
8075 730 0
8550 5115 0
4592 239 0
2194 5608 0
9638 4843 0
8212 5577 0
4032 1042 0
3480 4715 0
5048 8059 0
6142 8583 0
3035 3974 0
8048 8319 0
9859 9123 0
9658 2120 0
4253 561 0
9612 3304 0
9613 4168 0
7293 5722 0
8308 8633 0
506 6796 0
467 5458 0
6177 783 0
688 4261 0
2993 9906 0
219 1344 0
1700 5394 0
6773 5270 0
1733 6546 0
1816 6258 0
2900 4767 0
1908 7110 0
5833 2385 0
5545 617 0
5155 7941 0
2807 2347 0
6700 2820 0
1039 3835 0
4475 4407 0
261 1633 0
9411 7210 0
9298 1497 0
6887 1368 0
3 4235 0
1530 9731 0
775 6373 0
3543 9266 0
8697 3088 0
9405 1887 0
2600 7733 0
1654 5448 0
1556 2393 0
4502 278 0
4957 883 0
6184 154 0
7086 4419 0
6406 7667 0
2705 8211 0
146 9217 0
8217 5930 0
3253 840 0
2995 7374 0
2278 9299 0
5007 7132 0
3191 6181 0
7971 6902 0
7379 798 0
2556 9123 0
8381 6438 0
1919 6008 0
4858 9200 0
4882 4972 0
6595 6694 0
1550 3520 0
9422 3244 0
3825 2059 0
1984 8987 0
7763 562 0
6309 7628 0
9445 6378 0
2865 8067 0
461 1307 0
1005 1309 0
163 3864 0
6958 1365 0
9256 4303 0
855 4429 0
7147 3700 0
2596 8524 0
9659 82 0
3956 2994 0
6576 2643 0
9142 6098 0
8119 711 0
5280 3197 0
2499 2542 0
2234 6344 0
1353 6925 0
8322 5466 0
1633 5008 0
6056 9621 0
7584 3958 0
9754 3716 0
5414 4119 0
5689 374 0
5197 5686 0
4072 29 0
7150 5447 0
7632 8037 0
5604 6691 0
877 8337 0
582 3462 0
620 9368 0
5759 3054 0
8711 1686 0
421 1639 0
3677 1817 0
5910 3065 0
8548 7437 0
8070 3085 0
9719 4272 0
6104 5479 0
4395 2447 0
2373 3392 0
3414 1265 0
2649 8203 0
6829 4769 0
4184 4082 0
6402 8924 0
3761 279 0
2514 1500 0
3681 3539 0
4778 4920 0
4956 6836 0
142 7816 0
8816 89 0
8013 7105 0
7965 5258 0
5540 6054 0
8546 7595 0
7658 2378 0
4493 2469 0
3380 2461 0
5705 349 0
212 2482 0
7181 202 0
8972 8213 0
9428 4048 0
3520 2430 0
2459 8721 0
5362 6711 0
6417 2305 0
1725 5654 0
5371 9540 0
6001 2194 0
1430 7129 0
9695 5534 0
5488 9241 0
2885 2726 0
7943 5311 0
9404 4697 0
3079 7051 0
7037 8270 0
6085 8584 0
5036 6626 0
7223 1756 0
392 1948 0
5507 4764 0
4860 3432 0
4866 7705 0
3029 5464 0
1270 4101 0
7225 54 0
280 8403 0
3241 5111 0
3410 5133 0
1511 4934 0
918 1240 0
5921 1565 0
6435 5839 0
2118 1706 0
4652 2830 0
128 9443 0
4361 7690 0
5097 3259 0
5595 9402 0
5078 3842 0
8462 5411 0
4994 662 0
1291 5843 0
9833 694 0
4007 9628 0
1270 6716 0
4860 2632 0
9723 51 0
953 4080 0
1176 1048 0
6510 4447 0
5855 9473 0
6318 7491 0
3842 6125 0
470 584 0
9356 5347 0
7824 94 0
6143 6920 0
8724 7547 0
1422 413 0
2962 8283 0
1354 1735 0
4847 711 0
9372 1171 0
3743 72 0
4769 6637 0
3387 9280 0
7515 7379 0
77 7180 0
8019 6268 0
1742 9432 0
4230 3947 0
8432 1232 0
1599 9648 0
7039 6161 0
1413 2746 0
2706 3519 0
4190 3298 0
5493 3337 0
350 2716 0
2278 7242 0
4837 7014 0
2545 1109 0
4098 339 0
5153 228 0
9300 4069 0
4866 5479 0
1923 1081 0
1364 7454 0
279 1657 0
9382 6341 0
8057 911 0
4015 8027 0
7326 2937 0
8778 1420 0
8761 8681 0
9269 1885 0
3522 6738 0
6659 9450 0
3804 8506 0
7209 4462 0
4751 9825 0
6168 5260 0
2602 9583 0
6996 5617 0
7689 628 0
8670 2919 0
2742 8102 0
9563 8139 0
8118 914 0
3580 1508 0
327 8112 0
9111 995 0
5341 8249 0
8134 9715 0
108 3681 0
5647 8780 0
