1450 12 492
8556 9591 0
9012 8745 0
9626 8481 0
8847 9010 0
9190 9173 0
9659 9021 0
9135 8548 0
9906 9067 0
8720 9833 0
8953 9995 0
8525 9938 0
8739 8737 0
8557 9943 0
9529 8596 0
8722 9851 0
9609 9813 0
8649 9018 0
9306 9005 0
8942 9798 0
9335 9359 0
9244 9912 0
9782 9610 0
9764 9071 0
9643 9602 0
8938 9233 0
9671 9979 0
8979 9985 0
9545 9780 0
8953 8565 0
8634 9534 0
9807 9454 0
8866 8957 0
8500 9241 0
9290 9314 0
9898 9215 0
9263 8986 0
9513 9092 0
8657 8613 0
9596 9248 0
9163 9837 0
9106 9788 0
9751 9697 0
9883 9630 0
8790 8634 0
8885 9785 0
9722 8567 0
9047 8895 0
9933 9773 0
8752 9720 0
9495 9741 0
9981 9131 0
9351 8873 0
9288 9809 0
9108 8675 0
9581 9326 0
9691 9616 0
7479 525 0
7872 1232 0
7051 1855 0
7678 71 0
8588 1215 0
7648 257 0
8390 1357 0
8002 1446 0
8855 15 0
7772 1209 0
8833 201 0
6941 307 0
8437 1823 0
8475 946 0
6941 1816 0
8555 1200 0
7875 219 0
8440 1741 0
7918 752 0
7317 1019 0
7042 1223 0
7578 1785 0
8583 996 0
7846 606 0
7900 698 0
7463 1367 0
7227 1866 0
7176 756 0
7194 775 0
7960 1776 0
7610 40 0
6969 1817 0
8583 1494 0
8160 1253 0
7261 1161 0
7244 160 0
6981 1374 0
8296 1700 0
7980 1689 0
7939 1612 0
7232 225 0
8578 1654 0
7309 1242 0
7574 935 0
8284 1124 0
7494 1391 0
7815 1259 0
7074 689 0
7726 1284 0
7821 206 0
7977 540 0
8212 762 0
8838 1673 0
8826 1429 0
8593 1205 0
8869 357 0
6763 381 0
6819 993 0
8075 95 0
8352 724 0
7097 676 0
7351 777 0
6467 862 0
7658 197 0
6581 664 0
6789 209 0
6763 386 0
7565 979 0
8039 660 0
8368 451 0
8291 78 0
6537 625 0
7578 676 0
7189 120 0
8097 514 0
6942 797 0
6536 532 0
8285 803 0
7992 536 0
7986 686 0
7657 483 0
8343 943 0
6994 294 0
6848 232 0
8005 752 0
7741 379 0
7156 615 0
8332 933 0
7174 274 0
7322 987 0
7817 970 0
7825 598 0
7425 237 0
7134 273 0
7591 734 0
7027 639 0
7085 871 0
8255 181 0
7533 553 0
7890 1002 0
7019 93 0
6488 864 0
6497 803 0
7606 634 0
7140 774 0
8208 356 0
7247 555 0
7468 764 0
6577 266 0
7769 15 0
8247 414 0
7354 920 0
4971 8999 0
5350 8665 0
4078 7199 0
5340 7167 0
4007 8797 0
5124 8540 0
4690 8002 0
5649 8229 0
4475 8862 0
4541 8973 0
5425 7224 0
5194 7723 0
4268 8996 0
3781 8971 0
3778 9072 0
4703 9037 0
4126 8087 0
4424 8221 0
3875 7813 0
5602 8294 0
4857 7627 0
5182 7861 0
4691 8330 0
3741 8441 0
4217 7398 0
4686 8612 0
4690 8925 0
4740 8965 0
4028 8758 0
3946 8977 0
4826 8653 0
5117 8257 0
4300 8888 0
4698 8228 0
5101 8829 0
3911 7693 0
5464 8548 0
3917 8299 0
4643 7435 0
4635 8089 0
3743 7341 0
3921 8115 0
4242 8558 0
4566 7907 0
4194 8833 0
5058 8200 0
5585 8920 0
4915 8569 0
4329 8105 0
4929 7954 0
4915 7131 0
4280 8200 0
4242 8241 0
4224 7216 0
4429 8153 0
4933 7146 0
7455 5385 0
7694 5450 0
8598 4598 0
7347 5050 0
8191 4684 0
8076 5327 0
8701 4562 0
8361 4038 0
8432 4703 0
8179 4295 0
7638 3880 0
8625 4791 0
7902 4348 0
8819 5469 0
7318 4131 0
7081 5463 0
8458 4773 0
6993 4010 0
8746 4563 0
8175 5189 0
7339 4599 0
7201 5063 0
7499 5490 0
8738 4373 0
7496 4456 0
7142 4014 0
7523 4205 0
7995 3844 0
7339 3804 0
7822 4310 0
8416 3977 0
8699 5255 0
8048 4806 0
7797 4527 0
8579 4258 0
7291 4099 0
7674 4419 0
8527 5622 0
7161 3917 0
8451 4305 0
8237 3934 0
8925 3950 0
8643 4722 0
7624 4463 0
7633 4227 0
8532 5625 0
8139 3946 0
8457 5357 0
7738 4115 0
7256 4512 0
8865 4531 0
7186 4928 0
7468 5529 0
7739 5013 0
7401 3859 0
7067 4170 0
4655 9226 0
4417 9152 0
4402 8845 0
3830 8733 0
3316 9516 0
5094 9477 0
3404 9422 0
3292 8865 0
4825 9362 0
3826 8868 0
5144 8829 0
5229 8591 0
3465 9206 0
4724 8820 0
4512 9800 0
4246 9065 0
4189 9214 0
5269 9459 0
3969 8799 0
4629 9429 0
4526 8545 0
3954 9538 0
4544 9287 0
4272 8882 0
3290 8674 0
4167 9076 0
3786 9253 0
5137 8852 0
3668 8956 0
4969 8771 0
5264 8755 0
4338 9320 0
3285 9401 0
4630 9135 0
3934 8838 0
4244 8632 0
3391 9978 0
3490 9479 0
4442 9652 0
4022 9669 0
4454 8570 0
3942 9366 0
4491 9062 0
4678 8975 0
4942 8911 0
4517 9701 0
4644 8895 0
4027 9220 0
3676 9406 0
4041 8883 0
3319 9302 0
4969 9294 0
3477 9427 0
4372 9234 0
4953 8547 0
3850 9702 0
1132 973 0
1384 494 0
411 650 0
870 634 0
472 688 0
626 8 0
972 281 0
1405 103 0
1559 87 0
721 70 0
165 921 0
418 802 0
448 158 0
156 1013 0
149 920 0
297 867 0
765 534 0
858 529 0
1438 675 0
602 183 0
76 827 0
1396 397 0
926 238 0
357 176 0
656 95 0
1249 210 0
1434 653 0
1334 872 0
538 581 0
367 1018 0
267 428 0
206 658 0
482 880 0
1574 506 0
946 706 0
819 196 0
1554 171 0
1553 956 0
406 1012 0
618 738 0
657 820 0
1248 960 0
871 100 0
677 686 0
96 20 0
1247 152 0
271 444 0
315 56 0
332 718 0
280 610 0
1433 452 0
712 479 0
845 834 0
42 177 0
1239 499 0
856 650 0
4010 2304 0
3767 2975 0
3559 3358 0
4243 1828 0
3733 3289 0
3623 3539 0
3447 3029 0
5402 2919 0
4928 2158 0
4769 3016 0
3926 2673 0
4000 2434 0
3871 3238 0
4042 2432 0
4963 3050 0
3536 2379 0
5121 2455 0
3884 2449 0
5103 2872 0
3543 2012 0
3856 2050 0
4268 1863 0
5414 2845 0
3463 3003 0
4756 3291 0
4879 1990 0
5239 3244 0
3464 1983 0
3801 2548 0
3774 2987 0
4909 2108 0
4547 3025 0
5303 3049 0
4590 3396 0
3932 3719 0
4928 2850 0
5320 2771 0
4792 2655 0
3986 3238 0
3545 2951 0
4418 2176 0
3704 1936 0
4713 2983 0
3529 2127 0
4589 2556 0
3896 2696 0
4583 3210 0
3686 3757 0
4425 1966 0
5292 2406 0
4011 2286 0
4306 3415 0
3517 2187 0
4436 2492 0
5379 2780 0
3994 3628 0
7911 991 0
8958 255 0
8083 1469 0
8077 567 0
9314 1026 0
9108 1207 0
9594 516 0
9435 640 0
9679 1389 0
9557 764 0
9668 561 0
9160 365 0
8112 1148 0
9796 1402 0
8463 800 0
8489 1064 0
8311 590 0
8466 375 0
9383 1386 0
8294 890 0
8301 220 0
8157 923 0
8589 928 0
9281 1020 0
9839 855 0
9395 1009 0
9244 0 0
8252 305 0
9566 1325 0
8282 1705 0
8280 161 0
8012 1703 0
8787 1151 0
8067 667 0
9117 1358 0
8841 1407 0
9243 166 0
9285 465 0
9655 1703 0
8439 639 0
8157 822 0
7982 1526 0
9001 1185 0
8030 206 0
9687 889 0
9556 1107 0
9474 589 0
8914 430 0
9308 1563 0
8436 729 0
8455 1068 0
8093 1472 0
9104 750 0
7920 1368 0
7919 946 0
8548 927 0
7651 9784 0
4812 6099 0
8201 4450 0
4375 4055 0
4956 2291 0
743 2280 0
4981 8685 0
7395 6462 0
3386 5125 0
1750 634 0
9250 1 0
8303 947 0
9779 540 0
893 8778 0
4630 4710 0
2269 4943 0
1566 1205 0
348 5450 0
71 9407 0
5419 3580 0
3818 8960 0
963 8789 0
5550 3734 0
7289 4037 0
2724 3530 0
1296 5327 0
5993 7657 0
8867 7971 0
60 2179 0
4590 693 0
2458 5930 0
796 4655 0
6348 727 0
5976 2285 0
910 5474 0
6639 4438 0
3031 310 0
9301 1795 0
2488 3106 0
2144 8382 0
6062 2870 0
2178 742 0
9748 566 0
8242 1735 0
480 1260 0
3797 6861 0
5312 1524 0
2158 4558 0
5017 1760 0
6704 2900 0
7336 5492 0
106 6514 0
5976 6043 0
9130 4665 0
3955 8042 0
621 4343 0
4347 2736 0
4723 8455 0
5336 2137 0
6651 3310 0
1349 1142 0
3381 8346 0
9943 1242 0
109 3073 0
5264 3622 0
3905 9347 0
2356 6495 0
2980 7917 0
6566 1932 0
2513 523 0
3950 7064 0
1389 7540 0
1520 6924 0
9441 2073 0
6675 8129 0
125 401 0
3993 8010 0
2705 8823 0
8138 998 0
1664 8184 0
1186 1487 0
5589 914 0
9998 8448 0
9604 6757 0
4377 3243 0
5624 3415 0
1807 2686 0
5252 8153 0
4666 8022 0
8008 8512 0
2786 3898 0
9623 9154 0
2912 5644 0
8174 2173 0
1292 1855 0
979 1244 0
2994 3407 0
8429 8775 0
1706 9806 0
1520 2573 0
8097 4922 0
7399 9899 0
7900 9513 0
821 7511 0
9095 5228 0
5106 6252 0
9954 177 0
7174 527 0
3564 4452 0
1818 684 0
947 7957 0
3041 1039 0
6772 7405 0
9878 1476 0
5974 7516 0
3087 1233 0
9094 2027 0
5027 2406 0
1041 9800 0
5850 7549 0
5683 57 0
8399 2296 0
6600 2859 0
797 7579 0
6246 2080 0
8476 464 0
2197 1964 0
9103 5505 0
3004 262 0
9787 6068 0
5335 189 0
951 525 0
2252 5907 0
835 5878 0
9822 502 0
7927 8514 0
3479 1182 0
7940 7326 0
603 4966 0
3059 5590 0
5944 8896 0
8909 4993 0
2999 8763 0
2880 4639 0
950 8879 0
1130 6698 0
5531 2498 0
4631 2877 0
445 3804 0
1615 8354 0
212 7688 0
650 2322 0
1275 416 0
6624 5187 0
298 9402 0
5114 3129 0
9536 1592 0
6559 9771 0
2212 7378 0
5469 1667 0
6265 5010 0
4551 5760 0
8614 6085 0
2653 7710 0
5819 5229 0
9095 1597 0
4773 6022 0
8705 945 0
48 3851 0
3463 4257 0
2826 4889 0
8734 3292 0
9825 5555 0
3051 5805 0
1608 9117 0
8867 9316 0
2037 3953 0
6148 5883 0
3981 8387 0
8981 1444 0
994 6221 0
7049 3756 0
4722 8892 0
6929 2611 0
3466 2500 0
3526 5374 0
2785 688 0
5759 9822 0
5445 9932 0
6843 7752 0
5698 7889 0
9242 442 0
8845 6171 0
8033 6568 0
3765 5259 0
8672 9143 0
2250 8459 0
5053 7325 0
2874 5108 0
4195 6042 0
129 7358 0
39 1922 0
6706 7725 0
3316 9711 0
8571 7489 0
2191 7641 0
9958 4660 0
6972 5267 0
8801 2584 0
6625 512 0
5738 5853 0
640 3287 0
8536 2281 0
2845 2271 0
1980 2511 0
4716 8629 0
3685 7158 0
4328 9468 0
9328 3413 0
4491 9631 0
6950 9750 0
8668 4715 0
9703 6800 0
7955 9547 0
2390 847 0
1367 8402 0
8425 8955 0
2866 36 0
5063 240 0
9416 7676 0
2489 8292 0
4203 7054 0
1805 938 0
4012 5565 0
1218 8704 0
6465 2648 0
711 7303 0
9154 8945 0
8315 1009 0
7835 457 0
3434 6326 0
9720 5930 0
6519 6981 0
1053 3788 0
2838 7477 0
8729 4623 0
4347 994 0
6367 5645 0
2503 3074 0
2753 9540 0
7471 3737 0
6732 4883 0
8520 5166 0
1456 5737 0
6311 6819 0
6800 9844 0
4938 1426 0
5526 3660 0
6392 1612 0
5274 9731 0
1681 6204 0
6765 2559 0
1076 3937 0
1889 2032 0
2747 5953 0
7084 635 0
346 224 0
6112 181 0
6490 7138 0
640 6377 0
1521 2988 0
5786 6617 0
3999 4550 0
3001 3769 0
271 9315 0
4625 4470 0
8752 7291 0
9365 6982 0
6766 6344 0
9800 1877 0
2675 2169 0
2198 3295 0
379 6939 0
2433 235 0
1470 2084 0
8039 7726 0
5433 7089 0
579 407 0
4214 6882 0
8996 912 0
3314 406 0
548 2034 0
5965 3739 0
9461 8726 0
1173 5660 0
3434 9060 0
5225 8246 0
416 1748 0
4874 4449 0
1360 3610 0
3705 9976 0
4415 1902 0
4136 3341 0
8205 522 0
2951 4843 0
1439 4416 0
2452 6273 0
4594 5661 0
5885 443 0
6051 1673 0
7787 8161 0
7509 7639 0
2961 5112 0
71 4731 0
8682 8603 0
2544 3011 0
1118 1711 0
9329 3744 0
8435 1605 0
1861 9087 0
2100 1615 0
2996 3147 0
4723 6551 0
3809 4198 0
4551 4212 0
9316 8652 0
4798 130 0
97 3595 0
6874 5597 0
6994 7786 0
2936 3724 0
788 6841 0
9596 1166 0
5330 2741 0
7134 5841 0
8912 652 0
7717 8534 0
1109 4266 0
8326 3300 0
1579 3746 0
3454 7232 0
3419 6988 0
6717 4635 0
1908 9167 0
6169 1661 0
5173 4439 0
6468 1568 0
3414 6599 0
1338 1893 0
7978 3381 0
6332 6788 0
1483 7805 0
8907 5766 0
436 4546 0
8438 2307 0
4292 3030 0
3133 517 0
811 1550 0
5564 5570 0
7040 5048 0
5843 718 0
6817 5579 0
2266 3764 0
8062 6324 0
297 6733 0
281 7684 0
7333 5925 0
2188 978 0
8947 9705 0
416 908 0
3353 5222 0
3987 2920 0
7110 5966 0
2426 279 0
3616 7979 0
1141 4280 0
3063 7478 0
4302 1228 0
5976 1245 0
3092 7728 0
90 1492 0
9629 2742 0
6975 245 0
524 6175 0
3050 4906 0
6365 8143 0
2755 2034 0
8609 6383 0
813 6533 0
9026 52 0
8420 5407 0
9984 50 0
6935 6194 0
7822 9367 0
7465 1251 0
6466 6642 0
557 2465 0
5979 7409 0
5750 2252 0
8970 3140 0
4142 4075 0
6187 9062 0
2456 5168 0
5207 3390 0
1512 4205 0
3712 3580 0
662 7703 0
2086 407 0
1839 7124 0
6230 9537 0
205 8846 0
6826 1381 0
6683 7755 0
6496 9853 0
5123 3251 0
1225 8776 0
5417 3863 0
1171 1090 0
9392 3762 0
248 1903 0
971 2197 0
8725 5693 0
8363 9371 0
6387 2880 0
2317 3433 0
2330 8968 0
6322 3519 0
4164 6686 0
8897 742 0
3238 5670 0
4618 9889 0
3076 4051 0
2998 5896 0
3225 808 0
8084 2298 0
8643 2796 0
4181 2782 0
5692 4210 0
1203 9486 0
3724 6711 0
1676 7197 0
5913 9050 0
9772 7022 0
8788 473 0
1491 9237 0
4677 529 0
9308 7557 0
9323 2666 0
4181 5126 0
1556 8966 0
3885 577 0
9272 2789 0
5279 6184 0
50 1778 0
7693 4127 0
4715 4386 0
7315 9510 0
7142 5085 0
8663 7298 0
9247 3184 0
6248 4647 0
1466 6171 0
9288 4659 0
4255 9519 0
8378 3850 0
8501 6625 0
3064 3644 0
1709 6669 0
1854 8292 0
4176 7380 0
8945 7868 0
7267 6188 0
5682 254 0
9441 4045 0
5194 7047 0
1436 9898 0
225 5357 0
3685 903 0
9043 9342 0
6400 9859 0
3103 2026 0
3590 2632 0
5407 400 0
9244 8245 0
8887 4748 0
1435 8510 0
3469 4334 0
8649 6038 0
2935 3742 0
6207 5102 0
694 7275 0
8518 1049 0
2372 4640 0
8489 8061 0
7628 8714 0
652 3339 0
212 4403 0
9884 350 0
7503 5463 0
9089 9576 0
1107 7414 0
1292 6084 0
9250 288 0
3657 6877 0
7754 4654 0
9492 8209 0
1091 5935 0
821 1610 0
4934 6580 0
5622 5661 0
9441 800 0
1730 7457 0
7918 9477 0
1797 1701 0
3726 3284 0
2074 2289 0
6689 317 0
6599 3406 0
7326 7360 0
9254 1696 0
2097 7077 0
225 866 0
8856 6694 0
8347 1263 0
3034 9089 0
8263 8778 0
4237 9251 0
7514 4922 0
4892 2729 0
9373 3974 0
7204 2406 0
1454 1875 0
8837 4170 0
2715 9596 0
1154 4391 0
5969 7976 0
9435 6749 0
716 366 0
6217 2711 0
1477 6226 0
9297 2492 0
5963 7549 0
5693 6528 0
2734 8812 0
2387 178 0
6950 7797 0
9955 8756 0
283 9729 0
1140 5815 0
3275 352 0
1993 9626 0
3199 3485 0
861 299 0
3384 3147 0
4341 8324 0
3202 1397 0
2496 8120 0
7732 6243 0
5351 4849 0
2753 3365 0
1347 4370 0
2056 9436 0
7684 8931 0
7202 4719 0
9982 991 0
1623 5760 0
1515 1117 0
115 9884 0
410 6670 0
2418 2020 0
6789 8365 0
7612 5238 0
581 4468 0
9188 3820 0
6868 2126 0
4311 4464 0
7864 6659 0
1946 6596 0
8207 9210 0
5308 8717 0
122 5068 0
2824 4401 0
6215 17 0
5235 9746 0
1390 5932 0
9052 3478 0
2666 2545 0
1051 7592 0
2953 4918 0
1097 3511 0
1222 8362 0
1688 2917 0
3922 1375 0
2068 8283 0
5422 1870 0
775 4258 0
645 6791 0
7123 3372 0
914 2751 0
5689 5855 0
8367 2860 0
1021 5852 0
78 8149 0
5244 5227 0
2973 4301 0
5002 4372 0
752 6254 0
3213 7677 0
7008 988 0
7123 666 0
7579 5876 0
5649 6026 0
9013 3187 0
4531 5821 0
9349 7194 0
3544 3856 0
2332 3228 0
9971 5369 0
4365 6636 0
8012 5724 0
8347 6692 0
5404 8487 0
535 2744 0
5719 9030 0
5514 8088 0
2147 8632 0
7364 9465 0
121 6633 0
632 3617 0
3999 9929 0
2455 5065 0
5027 7484 0
4345 5281 0
7470 1893 0
1127 7531 0
5106 1780 0
4738 1665 0
5990 1877 0
387 5939 0
3773 892 0
3519 7422 0
845 2009 0
9170 399 0
3722 1805 0
9323 4305 0
2531 3652 0
4053 5281 0
2228 489 0
1754 5668 0
1385 1660 0
80 9769 0
8754 65 0
5936 331 0
8804 8358 0
7578 5839 0
3496 1167 0
2166 2770 0
3507 928 0
6819 3380 0
8678 6726 0
9315 3541 0
9570 6042 0
2256 4007 0
7110 6582 0
8267 3012 0
9564 6650 0
8944 3909 0
8678 97 0
5807 4912 0
7498 3985 0
2813 8201 0
3400 8005 0
4133 2639 0
3586 5221 0
4693 3069 0
6668 4441 0
7617 3892 0
9640 9841 0
5194 7923 0
8533 2739 0
7916 5039 0
6841 5832 0
9497 3415 0
2513 946 0
782 227 0
6940 5366 0
368 956 0
5358 9080 0
3251 5732 0
4899 6401 0
6737 8829 0
3436 3042 0
4574 361 0
226 9172 0
1799 104 0
6947 4607 0
302 1990 0
8183 9138 0
4645 3962 0
5887 3024 0
9638 6501 0
6359 768 0
4246 5125 0
2875 8873 0
4403 4950 0
4862 3341 0
990 8567 0
7742 9304 0
6258 3062 0
1482 8908 0
6177 8144 0
625 840 0
8256 8247 0
5774 1658 0
4088 6582 0
5475 9297 0
7109 884 0
9475 1231 0
8103 7206 0
3379 1612 0
4263 8429 0
7782 358 0
3860 5016 0
276 572 0
3448 4328 0
8924 8147 0
1653 180 0
6816 8628 0
4360 5601 0
4261 2176 0
6852 7351 0
8650 5734 0
3776 654 0
1688 604 0
1198 5125 0
1305 9373 0
140 1627 0
7595 4354 0
2618 2127 0
8095 5614 0
6568 8228 0
7848 2517 0
8496 2970 0
7869 2289 0
9484 4699 0
5148 8894 0
925 5451 0
7417 4181 0
5039 550 0
4731 591 0
3148 6879 0
7460 7141 0
1771 176 0
8599 839 0
2213 9001 0
4660 4839 0
1960 3639 0
9302 5933 0
4926 2371 0
6201 2267 0
4020 6983 0
1372 1222 0
350 834 0
594 8673 0
569 4207 0
113 6228 0
944 3942 0
6347 5922 0
2801 2236 0
1888 1780 0
7745 6202 0
9846 1939 0
4562 1197 0
6984 6849 0
1836 6147 0
92 6366 0
2826 4551 0
8976 6515 0
5234 2910 0
865 5265 0
2594 5778 0
4782 9224 0
9626 9365 0
786 5391 0
9095 3853 0
368 816 0
9033 1392 0
723 9153 0
8264 2180 0
5336 2060 0
7477 4608 0
5422 2949 0
8344 1847 0
854 5999 0
6015 5618 0
6573 8494 0
6894 9225 0
8355 5239 0
1458 311 0
1815 9564 0
7183 857 0
5377 5003 0
3547 3017 0
2542 116 0
1945 8284 0
153 9620 0
7247 1404 0
6601 5439 0
7481 2696 0
2721 9659 0
4083 6523 0
3720 811 0
513 7214 0
1193 6361 0
6661 1264 0
6370 8222 0
9889 3847 0
7851 7291 0
7370 4971 0
4638 6119 0
4087 5874 0
1382 9544 0
4641 2536 0
2514 588 0
8722 8068 0
3192 1910 0
2596 9208 0
2261 6334 0
8131 7155 0
8456 6483 0
6914 4684 0
804 7827 0
1981 372 0
2196 4141 0
5144 7588 0
5412 1399 0
54 117 0
2526 3096 0
4870 4652 0
7606 832 0
9705 762 0
8002 8884 0
2637 6210 0
2660 3611 0
7844 2363 0
7521 864 0
5899 2743 0
3138 2539 0
1262 5301 0
3502 9320 0
385 5842 0
5565 5850 0
888 6154 0
7786 1406 0
1853 1471 0
9834 5687 0
90 5551 0
1746 3618 0
4090 9952 0
8116 345 0
967 9790 0
4681 4016 0
7805 866 0
3845 7907 0
507 6444 0
8821 6054 0
3364 3637 0
8877 6290 0
808 7027 0
6421 3571 0
1117 3447 0
4380 5318 0
7017 9222 0
5281 947 0
3518 4660 0
2857 863 0
7701 9215 0
9976 2646 0
5371 7953 0
5497 4001 0
3325 5097 0
1061 7231 0
4222 2616 0
348 6937 0
6465 2159 0
1807 1737 0
8726 3863 0
9241 6493 0
6993 2398 0
1128 7074 0
6436 3677 0
1234 1222 0
4409 8763 0
1029 392 0
3402 3031 0
8598 3363 0
5054 8919 0
7676 7975 0
5473 4881 0
3300 5971 0
688 3261 0
4439 2026 0
2020 5943 0
4601 2810 0
6695 7887 0
8556 9703 0
4608 5963 0
1664 7634 0
7730 9159 0
5718 4468 0
8869 5725 0
537 9546 0
3844 4011 0
1876 3301 0
2464 5996 0
5129 4880 0
4202 1894 0
4529 8200 0
4968 5378 0
6810 1941 0
6436 2738 0
2315 6833 0
9028 3775 0
7290 1187 0
3289 7328 0
9851 7661 0
7580 916 0
5895 927 0
3872 1523 0
792 2669 0
7350 5135 0
4679 7693 0
1548 4719 0
6972 1047 0
1133 228 0
7395 298 0
6375 7849 0
8979 9581 0
8534 1402 0
4712 2712 0
7734 9251 0
435 6517 0
3761 7467 0
5237 384 0
1152 2047 0
1061 7072 0
