1000 13 607
1184 2195 0
1447 1484 0
574 1020 0
173 1564 0
1184 2038 0
570 2106 0
227 1373 0
1241 1518 0
477 1555 0
1327 2380 0
631 2053 0
550 1129 0
132 711 0
970 929 0
399 1722 0
820 2303 0
899 1950 0
168 856 0
817 577 0
916 1199 0
1117 729 0
1252 1790 0
1278 915 0
598 1057 0
1279 1225 0
668 2323 0
1001 745 0
591 793 0
1025 1343 0
1299 2188 0
822 2393 0
741 1734 0
852 1265 0
1229 1874 0
901 1737 0
1109 964 0
463 775 0
397 1068 0
1158 2100 0
1118 570 0
480 1365 0
1186 1367 0
1370 1897 0
294 1804 0
39 862 0
854 1129 0
372 1944 0
168 1861 0
398 1806 0
93 1809 0
724 864 0
400 1691 0
598 2303 0
1494 1401 0
940 1276 0
312 966 0
3371 2405 0
3091 2138 0
3982 1628 0
3210 2256 0
3972 2436 0
3476 2180 0
2802 3465 0
2458 2787 0
2950 2219 0
3775 2213 0
2506 1703 0
3459 3181 0
3794 1900 0
2470 1911 0
2560 2924 0
2768 2096 0
2854 3276 0
3627 1947 0
3189 2642 0
3054 1520 0
2576 3129 0
2734 2828 0
3199 2448 0
2843 1479 0
4136 2638 0
4020 2252 0
3518 2678 0
3344 3312 0
3221 1997 0
3454 2227 0
3271 1885 0
3460 1581 0
3929 3223 0
2786 3465 0
3674 2813 0
4194 1920 0
3522 1896 0
3491 3069 0
3182 1868 0
2350 3425 0
2606 2962 0
2981 2806 0
3686 2706 0
4086 1885 0
4293 1503 0
3130 1950 0
3161 2067 0
4142 2584 0
2748 2893 0
2608 3275 0
2988 2195 0
3393 2592 0
3509 2130 0
2511 1636 0
2798 2200 0
3697 2341 0
6749 4863 0
8568 6357 0
7250 5697 0
7895 6695 0
6784 6058 0
8387 5804 0
7298 6399 0
7648 5441 0
7647 5429 0
7343 5627 0
8087 6191 0
8425 5297 0
8642 6319 0
7486 5675 0
7335 5825 0
7585 5623 0
8043 6445 0
8595 6379 0
7847 6247 0
7291 5836 0
7943 5571 0
6814 5452 0
8118 6199 0
7319 6100 0
7024 5892 0
8100 5473 0
8385 5422 0
6704 6765 0
7609 6176 0
8503 6119 0
7583 6601 0
7159 5580 0
7101 5695 0
8435 5053 0
7534 6259 0
7526 5653 0
8283 5577 0
8060 5599 0
7326 5935 0
8379 6573 0
7206 5228 0
8431 5439 0
7137 6641 0
7619 5535 0
7042 6699 0
7631 5116 0
7184 6769 0
6931 5226 0
8355 5355 0
6819 5001 0
6746 5824 0
7381 6520 0
6929 5351 0
7968 6185 0
6811 5783 0
7401 4943 0
2001 563 0
794 351 0
2063 808 0
2378 474 0
1464 668 0
657 200 0
1852 589 0
720 1124 0
2349 720 0
1796 441 0
1005 132 0
1274 1327 0
1670 1091 0
1312 730 0
2180 791 0
2080 326 0
2420 577 0
605 1039 0
2490 971 0
2417 320 0
1781 90 0
1808 840 0
809 483 0
2270 1195 0
835 315 0
770 805 0
568 857 0
2291 562 0
2003 884 0
1186 1328 0
1751 1361 0
2194 512 0
2095 954 0
2493 1147 0
2276 937 0
1625 536 0
2170 872 0
1930 764 0
898 608 0
564 397 0
2417 363 0
1445 186 0
2208 1001 0
999 733 0
1879 454 0
1479 1268 0
1831 660 0
711 933 0
1591 62 0
849 433 0
1269 1154 0
2247 753 0
1454 322 0
1519 489 0
884 488 0
1397 748 0
166 4150 0
899 3257 0
729 2381 0
663 2493 0
109 2559 0
264 3219 0
1069 4086 0
1168 3415 0
1109 2678 0
785 2340 0
1258 3897 0
982 3686 0
812 3474 0
750 2363 0
1274 3355 0
1142 3376 0
725 3051 0
100 2389 0
761 2309 0
948 3226 0
299 2344 0
395 3165 0
226 2811 0
76 2261 0
190 3391 0
1075 3549 0
49 2591 0
202 2761 0
56 2431 0
68 2672 0
1120 3726 0
948 3494 0
1167 3208 0
481 4193 0
1220 2435 0
506 3988 0
1209 2850 0
978 2992 0
951 3921 0
585 3058 0
529 4107 0
181 2718 0
116 2458 0
512 2316 0
1192 2795 0
288 2825 0
972 2663 0
860 2538 0
1037 2341 0
1045 2323 0
393 4120 0
784 2869 0
1200 2633 0
1161 2885 0
638 2404 0
55 2942 0
8285 5940 0
8454 5795 0
7815 5845 0
7998 6882 0
8899 6632 0
9680 7274 0
7978 5596 0
8028 5899 0
9618 7020 0
9722 5628 0
8592 7119 0
9535 5698 0
9474 6423 0
9080 5365 0
8622 5951 0
9597 6082 0
8309 6498 0
8224 6621 0
9554 6247 0
8936 6035 0
9061 6227 0
8764 7241 0
9582 6595 0
9496 7039 0
9272 7018 0
9179 5796 0
9329 7080 0
9489 6712 0
7860 5356 0
8296 6267 0
8126 5532 0
8595 6315 0
8121 5771 0
8530 6384 0
9125 5986 0
8757 5386 0
8704 6877 0
9388 5363 0
8537 6942 0
9445 7090 0
8476 5772 0
9537 6194 0
7980 6026 0
8197 6006 0
7731 6332 0
9163 6571 0
8090 6588 0
9240 5772 0
8528 7074 0
9553 6927 0
7747 6777 0
8657 6715 0
9558 6989 0
8606 6581 0
8137 7284 0
8305 5841 0
1984 8161 0
987 9418 0
1638 8418 0
830 8778 0
947 8766 0
1664 9004 0
2101 9440 0
1279 9631 0
1394 8625 0
1749 8001 0
1321 8386 0
610 9118 0
1782 8650 0
309 8820 0
1786 8848 0
567 9022 0
538 8672 0
1411 9060 0
880 8897 0
1133 8717 0
364 8103 0
884 8496 0
1722 9680 0
696 9132 0
2029 8097 0
350 8753 0
1298 8225 0
398 7973 0
1830 8714 0
431 8944 0
707 9805 0
2036 9835 0
314 9413 0
1198 9351 0
1111 8518 0
1547 8035 0
214 8674 0
482 8964 0
1867 8084 0
909 8526 0
1453 8668 0
1960 8325 0
1546 8350 0
1368 8798 0
343 9552 0
1290 8717 0
2010 9027 0
623 8311 0
1921 9020 0
982 8560 0
1089 9259 0
1570 8194 0
2089 9127 0
1421 9905 0
1101 9039 0
1888 9191 0
1911 1664 0
3477 754 0
1792 740 0
2338 890 0
2350 300 0
3083 1408 0
2910 1035 0
3051 949 0
2455 876 0
2559 1702 0
2059 1413 0
2180 1516 0
2072 389 0
2324 1346 0
2487 250 0
1703 715 0
3154 1749 0
2364 1516 0
1760 1344 0
1898 771 0
3074 84 0
2464 853 0
1776 250 0
3216 341 0
2012 1595 0
3609 1404 0
1783 1038 0
1951 562 0
1629 85 0
3229 1524 0
1823 544 0
1972 1056 0
2534 33 0
1733 224 0
3104 942 0
3227 937 0
3085 1432 0
1950 883 0
3213 1096 0
3603 1278 0
3019 1021 0
1835 1095 0
2944 1388 0
1892 59 0
2848 1139 0
2662 1020 0
3087 1716 0
3156 103 0
3460 1244 0
2716 688 0
3065 1689 0
3554 283 0
3332 1475 0
3148 576 0
2934 133 0
3360 1070 0
1387 8017 0
1372 7287 0
1134 7085 0
360 6918 0
1273 6949 0
1219 8394 0
1581 6635 0
1269 8391 0
198 7979 0
308 7570 0
2000 7913 0
148 6802 0
818 6750 0
481 7330 0
267 7761 0
1954 7789 0
1453 7976 0
220 7234 0
281 8368 0
452 7143 0
1642 6879 0
356 7260 0
1127 6827 0
1103 6647 0
1553 7008 0
961 7470 0
1055 8490 0
979 7294 0
207 6898 0
310 8000 0
1149 7594 0
608 6814 0
356 7092 0
619 7862 0
1466 7027 0
1410 7678 0
1290 6831 0
1592 8399 0
2077 7328 0
1910 8583 0
449 6908 0
499 6725 0
553 7315 0
157 6763 0
1600 8161 0
600 7579 0
735 7398 0
910 7732 0
941 7487 0
626 7769 0
884 7858 0
1012 8220 0
1148 7331 0
335 7195 0
327 7533 0
1383 6840 0
6816 1440 0
6668 4541 0
7388 5685 0
2350 6873 0
8397 6042 0
9628 7508 0
5280 758 0
7573 7930 0
9510 5343 0
5636 91 0
9308 1237 0
5793 535 0
8522 9372 0
2831 1574 0
5740 955 0
1159 6286 0
2165 3950 0
5870 3001 0
7706 931 0
1263 48 0
9541 6671 0
9591 3693 0
7065 2593 0
4411 7954 0
3857 3188 0
6436 8995 0
9620 8566 0
1931 9419 0
275 2790 0
7967 2814 0
6617 1728 0
7082 7921 0
1245 6494 0
108 8902 0
2484 5037 0
6541 1493 0
1501 1474 0
1470 7882 0
9226 2147 0
2601 1631 0
9719 5847 0
5161 9761 0
5230 4271 0
5980 4016 0
2586 9762 0
4078 7515 0
9328 1196 0
3901 7429 0
2176 7610 0
4344 3861 0
3323 4835 0
9288 9759 0
2922 4120 0
6522 9468 0
2422 1051 0
228 7693 0
5378 9190 0
555 8374 0
7508 9697 0
4402 3225 0
4973 6055 0
7765 2653 0
402 6052 0
1301 8425 0
4061 6559 0
2361 7691 0
3420 2994 0
8729 2324 0
6343 4359 0
6164 1548 0
3840 2388 0
5637 4110 0
9294 8150 0
4726 6824 0
2487 4108 0
1555 7212 0
4051 7451 0
5470 7533 0
1334 7513 0
5780 4026 0
5123 2378 0
6605 7943 0
6930 1887 0
1196 8718 0
8740 9319 0
7875 7185 0
2712 2508 0
6758 6049 0
3206 5658 0
8120 2773 0
9358 7836 0
2275 4386 0
5701 8529 0
7831 3691 0
9364 5713 0
9254 868 0
7050 8032 0
5266 5405 0
2575 8513 0
8680 7928 0
2000 5887 0
9556 6346 0
3509 4970 0
1194 5078 0
3803 7306 0
7263 3518 0
7721 8298 0
6415 1512 0
7464 2971 0
8409 7824 0
1582 1377 0
4731 9226 0
5242 3962 0
5074 8174 0
7152 3775 0
7574 8533 0
6046 5478 0
4017 8491 0
9743 3015 0
3233 852 0
2041 7604 0
8343 9381 0
6674 2490 0
1682 2879 0
1284 446 0
9383 9793 0
4390 3301 0
5949 9660 0
7363 3853 0
1034 2494 0
1429 1650 0
2718 1798 0
1523 361 0
6246 7310 0
6160 3456 0
5304 6875 0
8975 6314 0
449 8627 0
4541 6917 0
3279 2558 0
5928 5048 0
9574 9125 0
2294 6440 0
5243 6649 0
766 3858 0
290 975 0
2733 5308 0
5975 6508 0
8344 2680 0
5785 1041 0
9473 5537 0
3547 3497 0
9460 581 0
9337 564 0
5073 6241 0
871 6522 0
7260 148 0
2884 3660 0
4060 5843 0
1930 5288 0
8629 2858 0
7708 2181 0
6742 8264 0
3792 5487 0
8662 4904 0
7026 8948 0
989 3446 0
295 4016 0
612 8334 0
9487 6651 0
364 7199 0
6987 8126 0
7865 4053 0
3513 5208 0
653 722 0
4502 3118 0
463 4442 0
136 8550 0
6268 728 0
7477 1372 0
9542 4394 0
3724 5079 0
6701 432 0
6046 8944 0
5488 6251 0
4761 2134 0
3662 9490 0
4054 5632 0
4668 2166 0
8581 4736 0
5414 3753 0
5765 9359 0
2687 2134 0
9404 2204 0
5774 3090 0
722 4742 0
5824 5381 0
7050 6651 0
7905 4262 0
8315 6602 0
1810 8193 0
6554 1381 0
9463 5630 0
1916 8632 0
1195 9863 0
3417 4474 0
5535 3904 0
8516 8780 0
5062 7954 0
5393 8915 0
9666 5425 0
8414 4038 0
8212 7784 0
575 1973 0
5658 1652 0
2453 2838 0
4259 5663 0
3622 9975 0
3478 7512 0
5153 5952 0
3528 4520 0
7213 6776 0
8519 2392 0
6610 5604 0
5231 8998 0
4467 4727 0
7012 9685 0
5171 7639 0
4066 2870 0
7682 5204 0
973 5629 0
7744 653 0
2463 9428 0
1678 4266 0
5407 4207 0
3345 4874 0
6499 8539 0
6527 162 0
9113 4179 0
6210 5755 0
9568 9920 0
5514 6500 0
6497 273 0
5678 1130 0
6746 7350 0
4466 306 0
9410 2045 0
8630 6404 0
6539 8495 0
1258 8967 0
2564 9244 0
7958 5966 0
8089 3052 0
2498 9201 0
9973 4382 0
2838 6798 0
9118 3312 0
8995 8769 0
1790 644 0
8711 2966 0
747 3525 0
8336 6288 0
2230 6538 0
6308 5079 0
2935 7975 0
1239 4286 0
7742 9056 0
9548 2085 0
1196 7405 0
3479 2757 0
8932 1155 0
1896 8732 0
6340 2629 0
3912 6542 0
9963 9631 0
4627 675 0
9360 9791 0
1120 205 0
5410 1908 0
6732 6927 0
7018 6826 0
3955 1355 0
8135 7022 0
8741 1155 0
5592 7759 0
4285 2345 0
8115 6671 0
6358 3067 0
2657 3759 0
9712 5486 0
3971 1226 0
3893 562 0
2782 8686 0
4398 9102 0
1172 9537 0
6255 4181 0
5500 126 0
26 6814 0
1569 3519 0
2457 8230 0
8667 8137 0
8632 4420 0
5813 8457 0
2053 4738 0
7444 6452 0
3271 7248 0
9694 6557 0
171 4938 0
8297 3174 0
9837 2607 0
5874 9712 0
2399 6600 0
7388 2106 0
849 7857 0
4954 5023 0
3948 643 0
7263 7048 0
8391 681 0
3258 3980 0
1719 8404 0
5738 5679 0
241 5033 0
1549 201 0
6398 3867 0
7971 4941 0
9234 6247 0
8460 9598 0
7848 9267 0
7682 2653 0
361 5549 0
2714 5081 0
3320 905 0
7419 3743 0
2336 3569 0
2424 643 0
5690 2347 0
5994 7897 0
1945 933 0
1441 4062 0
7383 9124 0
8137 6979 0
9020 8599 0
2857 5709 0
3971 9742 0
2266 6747 0
1394 9836 0
8324 4640 0
5983 3302 0
2255 3305 0
4344 3934 0
7928 3299 0
2007 3900 0
2646 6239 0
2372 8562 0
3394 1772 0
6321 8831 0
4367 9334 0
3523 740 0
9921 4894 0
7837 6383 0
7181 1976 0
4079 3483 0
884 1767 0
3341 450 0
1122 4737 0
8091 9614 0
9888 6464 0
7806 5847 0
1261 6683 0
8450 3555 0
4992 3342 0
3868 712 0
3164 8051 0
7718 3411 0
4685 1973 0
4520 8847 0
4946 8062 0
6965 9241 0
4648 7012 0
6401 64 0
7634 7713 0
1796 4451 0
688 7810 0
5952 7722 0
9494 630 0
7245 2105 0
3059 7005 0
3671 6341 0
2724 1725 0
448 9297 0
7733 5500 0
5273 1422 0
109 9475 0
8589 191 0
7618 6821 0
5527 9950 0
7082 6638 0
2930 5751 0
3362 8608 0
7223 2791 0
8773 6465 0
2204 7729 0
6385 4499 0
7096 5385 0
51 6091 0
9032 5405 0
1440 5105 0
2511 6791 0
7957 4437 0
8795 5961 0
6966 7881 0
4231 4711 0
6749 4137 0
5867 5401 0
9295 5594 0
3259 4942 0
8761 6958 0
7260 4954 0
5817 2457 0
240 6405 0
9363 7796 0
3586 9041 0
4886 8361 0
8241 7836 0
2896 3322 0
4723 4536 0
4395 6965 0
8801 2907 0
4421 9116 0
6702 532 0
4935 3537 0
5561 2858 0
3284 6752 0
6793 7239 0
3859 5165 0
5376 1276 0
9059 1549 0
2822 9545 0
1178 1359 0
5144 8785 0
5960 2244 0
1297 521 0
4362 2922 0
5286 1604 0
7652 4902 0
5674 5627 0
8230 8608 0
8787 2068 0
6945 1282 0
6288 1663 0
155 2532 0
5415 7078 0
5725 9576 0
2407 6464 0
7069 4162 0
5925 7637 0
1638 800 0
6700 7819 0
4149 8666 0
2081 8338 0
6108 4091 0
5605 5983 0
3688 486 0
3648 1 0
3465 4931 0
5810 438 0
9447 6706 0
7510 2347 0
8222 2126 0
7311 9846 0
3999 6528 0
1908 2520 0
7136 6071 0
4382 5996 0
8002 4207 0
7801 364 0
9010 2179 0
2057 6038 0
4166 7246 0
6755 6110 0
9456 8026 0
7885 4082 0
9093 7234 0
9219 7124 0
3737 8646 0
1804 4908 0
6491 1107 0
6744 6678 0
5353 226 0
9209 4252 0
1982 7603 0
4132 5103 0
1992 1933 0
9313 2162 0
4563 8784 0
5339 8413 0
7916 9671 0
8966 290 0
5387 5349 0
3565 2988 0
9714 9984 0
280 37 0
3539 3043 0
8213 8973 0
1851 4760 0
1413 9292 0
7971 6353 0
9389 9065 0
866 5897 0
1317 7735 0
8468 5333 0
6272 4887 0
7702 3222 0
6119 1534 0
4740 7142 0
2871 5022 0
4801 2822 0
7414 6935 0
5317 2852 0
8902 2193 0
1094 496 0
3485 97 0
410 7193 0
2168 7376 0
6237 6793 0
7974 3176 0
4948 5638 0
2676 3116 0
264 732 0
988 7342 0
4378 4658 0
4442 9798 0
9320 4087 0
3891 5665 0
7324 1794 0
7926 9630 0
6673 8163 0
7967 3393 0
1559 1633 0
4881 1763 0
8333 2516 0
2064 2825 0
376 1220 0
7860 1310 0
8166 6255 0
3042 3180 0
5480 6714 0
5098 2255 0
9546 3127 0
7571 4699 0
1862 5619 0
1732 1106 0
229 3825 0
1574 6824 0
6471 7078 0
7395 1115 0
712 7517 0
3625 4113 0
1068 8574 0
7659 2925 0
4861 4583 0
1125 6922 0
7629 5714 0
7490 481 0
2087 4932 0
6439 5847 0
9915 2463 0
1208 7969 0
8329 8365 0
1049 2089 0
3129 1747 0
6151 8092 0
6563 6427 0
9481 352 0
4325 8538 0
1541 7269 0
6899 3747 0
8296 1862 0
4470 5103 0
8000 2085 0
3397 3097 0
9883 8239 0
772 156 0
5757 998 0
4413 3274 0
7939 3243 0
2978 5733 0
8830 7442 0
8875 4596 0
469 2848 0
2821 9446 0
5451 2280 0
1056 3622 0
1246 1876 0
4055 8865 0
2981 2990 0
762 7321 0
158 3620 0
538 575 0
8684 7447 0
7284 4793 0
5738 5828 0
9233 4893 0
4131 5111 0
1903 8296 0
392 944 0
9406 6531 0
4247 6711 0
9622 6169 0
6315 5063 0
1470 1056 0
5997 2951 0
2078 2607 0
3585 6787 0
9990 3662 0
6648 5195 0
9467 2361 0
7507 3863 0
6351 5259 0
1246 7278 0
4238 7868 0
9910 9036 0
5347 5461 0
2998 4522 0
3020 6089 0
6563 1399 0
7896 5239 0
1986 3132 0
4185 2075 0
3996 3138 0
1672 6930 0
2835 3696 0
4995 1497 0
7893 52 0
867 8307 0
8411 6212 0
8037 399 0
913 9521 0
900 8495 0
9468 8586 0
8671 3421 0
3870 727 0
2417 5276 0
119 3153 0
9843 3358 0
4269 4487 0
1941 1030 0
820 5011 0
3427 554 0
620 5913 0
3939 9289 0
6392 7587 0
617 5187 0
7770 6497 0
6822 7390 0
8973 3037 0
51 1109 0
626 1329 0
5815 2358 0
2489 3268 0
4864 484 0
3064 2119 0
108 7749 0
577 7952 0
1363 4428 0
5034 3134 0
4503 4103 0
67 9923 0
9740 9475 0
2001 7859 0
1067 7139 0
5607 4449 0
9037 5254 0
2819 614 0
666 6071 0
8157 8918 0
9106 2957 0
1950 7248 0
106 7574 0
204 9335 0
802 3708 0
395 9926 0
9580 7584 0
5042 1580 0
5604 1687 0
2076 4115 0
3885 9067 0
8714 3258 0
4475 3008 0
4622 9587 0
1871 1378 0
8605 327 0
2397 489 0
6739 7298 0
6086 6719 0
7019 5176 0
6471 9717 0
9461 958 0
3902 1991 0
4910 3068 0
966 1829 0
2863 5477 0
5464 8822 0
4618 3514 0
3178 127 0
6782 2524 0
7923 3566 0
7167 5090 0
1241 2586 0
6732 2462 0
1611 8646 0
2201 2984 0
5076 154 0
2424 6957 0
2259 8175 0
1226 3344 0
2889 183 0
8868 8800 0
5668 2686 0
8131 693 0
3156 9182 0
4328 5764 0
4672 8204 0
5126 1108 0
1246 8701 0
5084 5372 0
6337 6921 0
7236 6466 0
5617 5919 0
6109 3910 0
9102 7747 0
8152 2113 0
1691 9491 0
2071 4502 0
4953 6952 0
4884 7473 0
7509 6835 0
852 3347 0
5398 7298 0
9186 7553 0
817 357 0
4567 8145 0
5698 1950 0
4519 4965 0
3879 8286 0
5103 345 0
1733 4855 0
2899 3721 0
8928 3108 0
8066 9543 0
1912 1067 0
1835 292 0
7077 258 0
2589 6840 0
8332 2934 0
7259 9543 0
506 7111 0
8895 7846 0
805 3993 0
164 798 0
3121 7455 0
3375 8874 0
2035 6045 0
1977 1371 0
5257 5102 0
5577 6536 0
9132 8827 0
2457 782 0
7648 6055 0
9457 8036 0
2207 494 0
5844 3090 0
4374 3213 0
1976 1165 0
3421 2489 0
9733 922 0
2685 2628 0
8185 1864 0
1470 9637 0
7285 2078 0
6723 9494 0
5836 3918 0
6460 4629 0
624 6890 0
1411 148 0
4215 1816 0
1765 3038 0
8809 7958 0
3826 4817 0
1090 5250 0
6466 1970 0
8810 7716 0
3801 9742 0
3586 9022 0
8806 2625 0
9077 5775 0
7912 2422 0
6669 6682 0
6308 140 0
8185 3290 0
2439 9995 0
3954 6663 0
5159 1320 0
3974 9857 0
81 4066 0
1922 706 0
9839 3562 0
1739 5932 0
156 9531 0
7540 5133 0
8896 4984 0
4430 4616 0
8352 7513 0
6673 1528 0
9066 2065 0
1015 6244 0
4585 7808 0
5593 8777 0
30 9822 0
5075 3651 0
3903 175 0
2572 7293 0
3158 9141 0
7418 3251 0
6292 5696 0
8133 3280 0
358 2279 0
4046 928 0
9576 5197 0
6376 3830 0
2901 4447 0
9761 8397 0
4319 4028 0
8104 1829 0
3850 3830 0
1762 5252 0
4399 3708 0
7575 7238 0
7300 6201 0
3004 691 0
9518 3721 0
1383 9570 0
9333 9383 0
8727 7316 0
378 6193 0
9715 1676 0
7484 7717 0
3326 2993 0
7392 9378 0
9241 455 0
187 1230 0
2751 8825 0
1433 2057 0
5767 7914 0
5958 6125 0
2057 7104 0
1406 8885 0
9474 3163 0
3620 756 0
3937 1407 0
8419 6019 0
7345 9627 0
8875 4640 0
7934 2293 0
4456 4384 0
2050 1699 0
1846 2239 0
1825 738 0
4511 5020 0
8111 3781 0
9309 8229 0
8305 5703 0
8846 2460 0
4969 5052 0
9496 1577 0
7511 2968 0
7985 4207 0
312 5996 0
5407 1558 0
9518 4670 0
3095 9702 0
1175 9591 0
9262 1252 0
1181 5912 0
3757 3264 0
2277 1308 0
1116 4726 0
9753 6513 0
1423 8410 0
9160 8378 0
8746 5347 0
7489 2678 0
8970 8606 0
9738 9166 0
8251 6535 0
5541 9854 0
5047 2885 0
4555 579 0
1436 1772 0
3514 434 0
6992 8080 0
2217 6303 0
3647 3415 0
120 5602 0
6547 6517 0
7775 2633 0
2182 1108 0
2622 5614 0
1832 2168 0
3758 6093 0
9394 900 0
4368 1396 0
8137 6533 0
7548 1197 0
66 1826 0
4949 8605 0
2034 1066 0
1887 8849 0
4888 7269 0
7075 424 0
8549 633 0
759 7062 0
8499 3558 0
1292 6909 0
5814 660 0
852 7919 0
4408 2578 0
8860 3349 0
9164 3293 0
7982 4073 0
9092 3163 0
3083 513 0
369 8860 0
1682 4660 0
9134 5981 0
1568 7249 0
9655 3811 0
8830 4087 0
172 4901 0
6482 1612 0
9978 8223 0
3235 3223 0
2153 4089 0
8586 413 0
2196 6881 0
1623 7025 0
