1450 48 713
6223 5356 0
5696 5002 0
5752 4893 0
5617 4180 0
6791 4255 0
6226 4317 0
5868 4803 0
6831 4009 0
6162 5230 0
5741 4477 0
6891 5431 0
5474 5435 0
6902 3868 0
5628 4258 0
5427 5052 0
5430 5175 0
5966 4562 0
7200 4570 0
5700 5200 0
6359 5112 0
5478 4885 0
6727 3483 0
5300 4871 0
5439 4484 0
6308 4589 0
7245 4882 0
5468 3820 0
5332 4264 0
7170 4698 0
6352 5402 0
6962 3496 0
6666 3947 0
5993 4070 0
6330 3763 0
5405 5304 0
6298 4858 0
6415 4687 0
6408 5129 0
7237 3560 0
6475 4431 0
5621 3781 0
7078 3822 0
5359 3734 0
5839 4887 0
5943 4833 0
5305 4721 0
6361 4138 0
6856 3577 0
5409 3899 0
5767 3571 0
6353 3877 0
6977 5249 0
5432 4126 0
5654 5383 0
6488 3844 0
5361 4981 0
8818 6939 0
7776 6274 0
8396 7059 0
8440 6010 0
9294 6317 0
9651 7105 0
8440 5848 0
7864 6056 0
9662 5518 0
8863 6378 0
8131 5729 0
7821 6603 0
9740 5783 0
9239 5967 0
8712 5916 0
8127 6345 0
9447 6816 0
8384 5675 0
8360 6845 0
7827 6139 0
9208 6725 0
8129 5931 0
8782 6454 0
9146 6951 0
8266 5519 0
9456 6989 0
8044 6424 0
9616 7249 0
8585 6113 0
8054 6514 0
8043 6891 0
7896 6641 0
8429 6418 0
8562 6816 0
9332 7173 0
8671 6843 0
8197 6426 0
8091 6251 0
8074 6502 0
9029 5595 0
9689 5489 0
9355 7054 0
9506 6180 0
9013 7045 0
9705 6438 0
8460 6815 0
9285 6370 0
8444 6322 0
7971 5714 0
9621 5916 0
8219 7094 0
8800 6845 0
9327 6117 0
8908 6669 0
7805 6767 0
8201 6578 0
9026 4210 0
8515 5257 0
8779 5016 0
9053 4014 0
8228 4792 0
8031 4754 0
9020 4815 0
9034 5308 0
9175 5671 0
9589 5300 0
9711 3741 0
9799 4682 0
8767 4370 0
8061 4784 0
8164 5650 0
7978 4611 0
8112 5039 0
9309 5041 0
8925 4942 0
8501 4319 0
9243 3865 0
9876 5276 0
9132 4027 0
8328 3737 0
9318 4359 0
8884 5245 0
8305 5281 0
9614 5030 0
8015 5454 0
8966 5599 0
8579 5406 0
9852 5290 0
8692 5309 0
9004 5506 0
9386 5121 0
9311 4166 0
9441 4456 0
8596 4409 0
7962 4218 0
9539 5229 0
9614 4262 0
8668 4797 0
8148 5497 0
8085 5308 0
9707 5231 0
9527 5533 0
9715 5358 0
9403 4371 0
9751 5321 0
8581 5566 0
9327 4665 0
8297 4674 0
9551 5418 0
8921 5305 0
8636 5224 0
8764 4616 0
2783 3808 0
2222 3924 0
2598 3595 0
2034 3653 0
1916 4103 0
2749 3507 0
1555 3235 0
1671 3604 0
1933 3044 0
2054 4257 0
1567 2653 0
1680 3576 0
1977 3121 0
2783 3629 0
2228 2965 0
1617 3492 0
2535 4415 0
1684 4097 0
2580 3874 0
1977 3147 0
1945 3023 0
1590 3006 0
2942 4288 0
1798 3178 0
2505 4147 0
1988 3435 0
2125 3745 0
2240 2888 0
3258 2760 0
2271 3973 0
2107 3272 0
2896 3953 0
2562 3440 0
2583 4506 0
2918 4065 0
3241 3936 0
2120 2623 0
2838 3746 0
1744 3427 0
2191 3604 0
2362 4520 0
3312 3085 0
2741 4432 0
2718 3024 0
2249 3676 0
2161 3451 0
2054 2900 0
1768 4375 0
3353 3214 0
2340 2804 0
2643 4103 0
2359 4055 0
1905 2709 0
2494 2706 0
2280 2745 0
1506 4354 0
5347 8294 0
6226 7955 0
7322 6714 0
5517 8355 0
6933 8004 0
7295 6568 0
7289 7632 0
6157 7547 0
6654 7600 0
5466 7827 0
5865 6505 0
5383 7355 0
6716 6953 0
5673 6613 0
5681 7186 0
5583 7669 0
6282 7169 0
6353 8304 0
7001 6370 0
6778 6722 0
7102 6686 0
5806 7457 0
6691 7932 0
6194 7682 0
6925 7693 0
6067 7877 0
5649 8224 0
5350 7720 0
6527 6464 0
6364 7307 0
5956 8200 0
6351 8247 0
7036 7429 0
6666 6902 0
5972 6707 0
6378 6405 0
5589 8238 0
5777 7781 0
6098 8302 0
6297 8046 0
6765 6386 0
5619 8015 0
5487 6961 0
6944 6723 0
6555 7950 0
5895 7179 0
6279 6801 0
5652 8146 0
6231 6375 0
6615 6501 0
5394 7857 0
6364 7447 0
5781 6999 0
6184 6513 0
6244 6880 0
6332 6513 0
8965 8672 0
9948 7254 0
9500 8851 0
9939 8198 0
8824 8750 0
8922 8046 0
9781 8267 0
9049 8282 0
9719 8124 0
8992 8993 0
9893 7358 0
9786 7372 0
9941 7886 0
8940 8237 0
9938 7812 0
9604 8394 0
9659 8545 0
8740 7446 0
9694 9114 0
8714 8299 0
8944 7903 0
8961 8593 0
9097 7617 0
8959 8481 0
9465 8338 0
9568 8682 0
9587 8356 0
8915 8291 0
9183 9002 0
9716 8282 0
8911 8048 0
8753 9202 0
9673 8431 0
9503 8868 0
9443 9022 0
9601 7759 0
9711 9062 0
9492 8723 0
8930 7425 0
9652 8208 0
8893 7574 0
8722 7570 0
9426 8105 0
9198 7905 0
8792 8258 0
9986 8782 0
9888 9103 0
9969 8420 0
8814 8357 0
8840 7473 0
9854 7689 0
8807 8364 0
8795 8366 0
9884 7638 0
9963 7318 0
9212 9108 0
3496 6890 0
4167 6365 0
3871 6920 0
3736 6838 0
3573 6952 0
4228 7205 0
4928 6893 0
4116 7093 0
4305 6740 0
3635 7352 0
3383 6568 0
4281 6372 0
4442 7557 0
4154 6922 0
4792 7539 0
4289 6136 0
4654 7776 0
4706 6780 0
4958 6192 0
3647 7974 0
3417 7941 0
3201 7445 0
3882 8009 0
3803 6476 0
3285 7468 0
5144 6848 0
3226 6179 0
4740 6995 0
4004 7330 0
3300 7192 0
3995 6196 0
4599 7406 0
4625 7537 0
4279 7320 0
5043 6516 0
4444 6932 0
4116 7393 0
4850 6340 0
4549 7539 0
4507 7726 0
3917 7983 0
4031 6547 0
4398 6553 0
5126 6483 0
3835 6083 0
3320 6808 0
4942 7912 0
4465 7321 0
4285 7579 0
3990 6772 0
4690 7351 0
3199 6628 0
4778 7051 0
4738 7873 0
3786 7568 0
4318 7504 0
985 7418 0
1088 7728 0
143 8183 0
100 7082 0
572 8864 0
1182 8751 0
764 7806 0
876 7659 0
616 7671 0
1141 8202 0
470 7826 0
248 7640 0
839 8086 0
1055 8685 0
34 8244 0
833 7079 0
234 8413 0
253 8112 0
228 7779 0
566 8615 0
686 8572 0
865 8509 0
1047 7893 0
877 7988 0
2 7179 0
811 8291 0
40 8384 0
108 6953 0
847 7262 0
850 8485 0
683 8393 0
2 8884 0
897 7521 0
1252 8673 0
1171 7484 0
484 8903 0
1347 7715 0
827 8508 0
1238 6946 0
127 8612 0
1089 7671 0
1115 8230 0
1080 8768 0
768 8190 0
383 7836 0
730 7206 0
417 7477 0
83 8430 0
837 7458 0
1093 7621 0
91 8798 0
175 7488 0
1330 7133 0
374 8509 0
1305 7701 0
325 7301 0
4736 7922 0
5094 8849 0
4263 8703 0
5180 7808 0
4995 8607 0
4598 7787 0
3643 7378 0
4108 8946 0
4869 7935 0
3654 8121 0
4828 8919 0
4365 8482 0
4268 7963 0
4138 8745 0
4573 8129 0
3922 8515 0
3907 8044 0
4437 7192 0
4166 8040 0
4915 7340 0
4628 8260 0
4353 7322 0
4697 7869 0
4321 9181 0
5028 8898 0
3641 9177 0
4911 8487 0
3862 8597 0
3722 7888 0
4515 8784 0
4684 8885 0
4038 8198 0
4083 7780 0
3976 7311 0
3330 8756 0
4127 9174 0
4847 8717 0
5118 7585 0
3523 7903 0
5103 7418 0
5218 8070 0
4903 7278 0
3833 8051 0
3397 9183 0
3858 9122 0
4626 9133 0
4554 7289 0
4131 8422 0
4251 8035 0
3987 9121 0
4733 7962 0
4608 8829 0
4607 7815 0
3632 7879 0
5258 7229 0
3805 8082 0
6704 6695 0
7598 2846 0
3750 5765 0
9428 1004 0
6109 3750 0
1498 9968 0
4000 4143 0
4384 3698 0
1755 7137 0
158 2185 0
1804 9848 0
1803 6164 0
9605 7131 0
3002 3311 0
4394 4672 0
3707 776 0
6307 9707 0
1645 4798 0
6328 5319 0
2855 2830 0
8889 9510 0
8738 713 0
3507 7046 0
3560 2231 0
1337 8867 0
7457 5628 0
2066 3399 0
9015 8360 0
6585 2882 0
7189 3935 0
7868 6855 0
2268 3879 0
902 3188 0
5205 3188 0
2010 4393 0
5473 1524 0
9646 3279 0
8912 7669 0
2650 1666 0
4942 1358 0
6673 7608 0
3033 3764 0
5195 9659 0
2292 3485 0
29 5107 0
5629 5435 0
9795 670 0
9565 4541 0
3962 4206 0
1466 5113 0
8824 9824 0
3431 2096 0
8066 9429 0
6899 4250 0
6832 6298 0
9005 7412 0
6300 485 0
6652 3446 0
8979 8574 0
3391 2695 0
6035 6527 0
3706 4339 0
1017 1047 0
6773 2331 0
7374 7401 0
1775 5454 0
4873 5065 0
6638 5798 0
317 3453 0
7496 9818 0
4040 5225 0
5222 3097 0
9946 5431 0
1354 4556 0
262 1047 0
7687 3675 0
6116 2337 0
3651 8037 0
8171 1832 0
7187 8567 0
5336 8365 0
7273 8581 0
2740 1479 0
5792 8852 0
5284 9583 0
8119 4145 0
731 5548 0
9029 813 0
8947 8380 0
1009 8750 0
2759 6597 0
9141 2472 0
6640 4251 0
6444 6870 0
5604 4104 0
2856 715 0
1274 9208 0
2754 7723 0
5382 8303 0
441 314 0
3390 1046 0
4324 2125 0
9243 7889 0
623 5314 0
960 2229 0
8215 8310 0
8389 3529 0
3566 6517 0
9654 5795 0
408 4498 0
5517 2641 0
9548 6918 0
4077 3775 0
6062 9139 0
250 2738 0
4347 3119 0
4698 8638 0
9153 5155 0
3984 6704 0
9899 7441 0
7209 3050 0
4942 1927 0
6002 9790 0
5844 1232 0
1531 1383 0
4814 2225 0
9434 404 0
3632 6018 0
9541 9902 0
8070 1595 0
247 588 0
3990 3017 0
8281 9903 0
1990 7115 0
8644 9430 0
9392 9846 0
6868 3350 0
5121 7936 0
5584 9028 0
394 1079 0
4617 236 0
5344 4808 0
7860 4677 0
8286 7937 0
505 9019 0
6253 2399 0
6172 3652 0
6973 5382 0
6566 2457 0
8337 7574 0
906 8197 0
1317 9589 0
8563 1529 0
7963 4864 0
8041 9806 0
5446 9858 0
87 9057 0
5442 9098 0
346 1195 0
8091 6408 0
6114 7174 0
8512 6044 0
835 3150 0
8251 2417 0
5981 6752 0
2721 223 0
4680 7614 0
8512 1375 0
8477 6426 0
2196 4640 0
2637 1871 0
8269 19 0
6012 4725 0
6958 8664 0
8464 6404 0
961 3780 0
849 2396 0
5496 4797 0
3852 2535 0
1529 267 0
7986 2252 0
292 9389 0
3154 7680 0
10 6158 0
5592 6155 0
3500 7179 0
2234 6030 0
6602 8932 0
2243 7855 0
4982 617 0
8663 3436 0
3816 6517 0
3094 7569 0
8536 3205 0
2610 1287 0
3754 877 0
2021 581 0
7990 1469 0
6685 8079 0
1533 2285 0
3922 8440 0
3415 9019 0
4570 8312 0
4332 6211 0
2191 2423 0
6280 3841 0
4066 4522 0
3174 4938 0
5314 2487 0
4994 3566 0
7125 9997 0
5082 7938 0
7463 6679 0
9292 1993 0
4445 8560 0
3968 5260 0
2961 411 0
8716 7486 0
5549 3391 0
1194 2262 0
1241 8718 0
9596 5041 0
3273 7863 0
4077 8333 0
3852 1969 0
23 4179 0
2157 5436 0
5147 6105 0
8969 627 0
9470 332 0
4240 2974 0
4533 8168 0
8779 7049 0
2666 2031 0
3821 9930 0
1630 6205 0
2234 617 0
9646 766 0
8170 6300 0
6812 2968 0
9714 5373 0
4354 7254 0
1353 4943 0
5809 2571 0
4410 8571 0
3792 5313 0
5251 6215 0
1414 4005 0
8834 8893 0
7071 5491 0
635 2339 0
8585 2442 0
2791 8364 0
9792 9792 0
6010 602 0
9571 8114 0
1942 2982 0
6480 7319 0
6582 527 0
7068 1831 0
3688 7365 0
1753 4277 0
6290 6553 0
6609 781 0
3860 5348 0
3300 9499 0
5557 6826 0
6945 9239 0
6933 9959 0
8497 4222 0
9456 4870 0
2628 3622 0
6549 6959 0
8361 808 0
8743 8042 0
8051 8757 0
9128 6148 0
7460 8326 0
608 3396 0
1663 2026 0
8999 360 0
2922 4335 0
6888 4703 0
9655 2424 0
2640 5953 0
5367 7333 0
6101 2537 0
606 6880 0
6464 1009 0
7775 5971 0
5558 9000 0
9154 3962 0
2324 7198 0
2889 850 0
9100 4732 0
337 7773 0
2462 7191 0
6909 1791 0
3523 9082 0
1499 755 0
4937 4218 0
5750 205 0
5194 2921 0
4078 2646 0
5163 6076 0
9530 5003 0
1025 4084 0
2279 3040 0
8062 3216 0
9878 4859 0
2383 397 0
5144 3723 0
2790 1710 0
5417 5830 0
6932 5817 0
1474 4736 0
1147 8474 0
8190 8313 0
9258 4256 0
5106 4787 0
5583 4955 0
5636 6482 0
9104 5663 0
5084 6417 0
6315 6574 0
255 5942 0
7820 128 0
4070 4845 0
1173 8532 0
4507 3659 0
9714 9617 0
4932 7550 0
1782 1053 0
3165 3150 0
7308 8744 0
7352 4094 0
8633 6455 0
5341 4065 0
1540 9524 0
5949 5754 0
5178 662 0
1310 4992 0
7487 2896 0
417 8036 0
6417 441 0
9713 8513 0
8686 8651 0
5488 7624 0
1802 4539 0
8943 503 0
1576 2695 0
9987 5107 0
7046 294 0
943 5844 0
9861 6532 0
2914 5453 0
3528 9808 0
8902 9674 0
6759 9397 0
4359 3700 0
426 104 0
8995 1089 0
5397 4886 0
2266 494 0
606 8390 0
9789 7232 0
8918 1879 0
9810 8529 0
7692 844 0
9023 8972 0
1136 549 0
9724 5848 0
5804 8025 0
4808 7674 0
4876 550 0
1768 8693 0
7910 647 0
4748 4549 0
8916 3411 0
5461 4800 0
6118 8806 0
5348 8624 0
7916 8134 0
3120 2189 0
4533 6652 0
7710 1107 0
8084 3681 0
2877 8883 0
7395 5183 0
8723 1266 0
4264 8142 0
80 6522 0
4846 4605 0
6313 9343 0
2247 8201 0
8518 7024 0
7703 1127 0
7017 9926 0
2036 3200 0
703 6890 0
6200 4812 0
1365 4945 0
865 6991 0
2832 8968 0
6281 4198 0
3330 4548 0
5966 5277 0
3891 7383 0
5730 8715 0
2643 3254 0
5963 7838 0
9627 3107 0
9695 7389 0
4683 1121 0
9505 8551 0
5715 5567 0
4114 6906 0
1296 7504 0
7852 968 0
95 2135 0
4305 8784 0
1165 6758 0
2938 4319 0
3867 6277 0
5218 1067 0
5559 4461 0
5155 8081 0
4619 1992 0
647 228 0
6755 3506 0
5445 984 0
7232 8783 0
4097 7576 0
35 4573 0
6158 5774 0
2462 184 0
9992 9251 0
378 9005 0
2424 7229 0
7857 307 0
8176 6579 0
3816 6518 0
8439 5798 0
8203 4912 0
8254 96 0
306 3260 0
7007 2678 0
4854 9923 0
8406 4914 0
9827 8440 0
4865 1046 0
157 8891 0
4591 7267 0
4087 5681 0
8175 4305 0
7865 9510 0
9946 6130 0
6502 2453 0
6277 5847 0
7606 4943 0
6849 1399 0
1063 2546 0
8280 2386 0
1372 9554 0
2652 6299 0
411 3417 0
8770 6740 0
3128 1157 0
327 4752 0
9994 5086 0
6416 6990 0
634 5779 0
3101 1051 0
5177 3871 0
8608 8400 0
297 7027 0
6232 2214 0
5323 4056 0
6893 8849 0
3720 5363 0
9288 9929 0
589 2833 0
2697 6107 0
2053 9482 0
2991 8081 0
8287 3164 0
8974 9136 0
1358 7417 0
8136 6364 0
8093 1999 0
2383 6779 0
8075 1300 0
4823 6970 0
5503 9364 0
3090 8781 0
5963 2325 0
7367 5325 0
6229 4373 0
4673 2819 0
7898 8281 0
9602 7827 0
7045 5009 0
4053 8986 0
6540 3835 0
6963 8202 0
3299 2530 0
9977 1570 0
2840 5564 0
9281 1354 0
6458 5409 0
9910 8743 0
1490 7399 0
9343 9701 0
4245 1670 0
2747 8303 0
418 5130 0
9855 7753 0
1247 2514 0
3383 7585 0
2847 8777 0
7036 6549 0
5844 9150 0
2060 7658 0
360 8476 0
1076 7862 0
199 7487 0
7380 4695 0
462 7714 0
1962 7309 0
4119 1388 0
6946 4840 0
5608 6958 0
3744 1676 0
821 2364 0
2886 4078 0
1842 4543 0
5482 4596 0
5383 101 0
7954 4070 0
2831 8052 0
5769 4772 0
4609 4042 0
5702 8518 0
9498 1386 0
7406 3390 0
5714 9981 0
3114 9519 0
9066 1068 0
6002 1478 0
1674 3481 0
6038 9936 0
7858 1038 0
2822 3173 0
3281 759 0
5028 4890 0
9408 2439 0
1065 4049 0
3521 486 0
1558 8931 0
5960 9756 0
6324 9282 0
509 3441 0
1185 2791 0
9270 1573 0
6129 2179 0
9689 8936 0
239 26 0
6263 4641 0
8341 2607 0
2168 9236 0
1089 6837 0
825 6890 0
711 1091 0
1935 564 0
3645 3084 0
1170 2600 0
5298 7972 0
6627 751 0
944 9931 0
2180 383 0
6563 2886 0
206 8743 0
9485 9344 0
5180 5098 0
6849 4466 0
624 8584 0
5096 3564 0
4814 5881 0
3933 3270 0
3361 6360 0
7483 5213 0
4242 4416 0
308 6276 0
6245 6515 0
8614 6748 0
5239 7840 0
2570 6358 0
8239 3951 0
1069 8474 0
9517 2149 0
5831 1185 0
3022 5914 0
5910 389 0
9704 9701 0
2712 5340 0
447 579 0
2224 723 0
5598 1835 0
3207 2433 0
1593 4477 0
3734 4520 0
996 333 0
954 4024 0
7443 3594 0
9108 2701 0
2576 4433 0
1477 3066 0
8047 5340 0
4918 6848 0
9493 1972 0
3279 602 0
279 8757 0
4352 7479 0
8790 7293 0
3748 9729 0
8447 9376 0
9826 3836 0
7896 2060 0
3492 2258 0
1927 361 0
8441 8403 0
3637 9038 0
1679 4584 0
547 7266 0
3955 3430 0
3789 7376 0
7976 8419 0
3622 1736 0
4463 8305 0
7445 283 0
5984 5373 0
6746 5511 0
9885 6036 0
588 4497 0
2677 3507 0
5578 1313 0
9024 2302 0
802 7819 0
7184 3664 0
239 7662 0
672 6908 0
4026 8687 0
9015 6932 0
3037 4433 0
2729 1787 0
505 2102 0
9962 6715 0
1259 5087 0
8079 7727 0
9878 6345 0
7860 7050 0
6795 1026 0
7725 4049 0
3568 974 0
8308 2187 0
563 9088 0
5560 9559 0
8043 7644 0
5155 8502 0
9735 2658 0
1604 9511 0
9005 1879 0
4101 9287 0
3841 7281 0
1934 5514 0
3075 9048 0
9760 3403 0
2420 9525 0
1097 9372 0
2038 439 0
987 5094 0
2083 9247 0
425 1345 0
1219 3580 0
3558 9382 0
1083 8071 0
491 4334 0
1250 7459 0
7699 3074 0
5476 8521 0
60 3561 0
6314 7100 0
343 4526 0
7053 1586 0
9373 5562 0
1947 268 0
9664 5606 0
7736 8865 0
3471 2968 0
450 831 0
9873 4694 0
9836 6296 0
7188 7179 0
8694 4999 0
3483 4151 0
3976 880 0
9058 2740 0
6005 5763 0
3747 6689 0
7640 195 0
4742 3803 0
2889 2503 0
5798 6450 0
2141 4733 0
7436 6645 0
8688 5558 0
4954 8706 0
6120 7982 0
389 2 0
5313 4850 0
8626 3657 0
380 1095 0
7006 6266 0
5368 6437 0
9653 2165 0
2820 9462 0
862 7155 0
6832 7065 0
5589 830 0
8136 6507 0
6588 7170 0
147 8110 0
104 8155 0
2526 4790 0
5831 1305 0
5101 4562 0
8514 5504 0
4239 6308 0
2908 8351 0
2335 1425 0
5658 779 0
7052 3472 0
4952 8962 0
8249 4005 0
4987 1736 0
6405 1484 0
804 9417 0
7678 6218 0
3223 2919 0
1171 8183 0
5990 4177 0
6404 1410 0
1628 9339 0
4063 2573 0
511 4276 0
8761 1788 0
7121 87 0
3920 7238 0
2052 9391 0
945 3388 0
7168 8215 0
97 9858 0
8941 8111 0
2164 5471 0
1969 5336 0
9792 6307 0
4927 4918 0
4683 8135 0
9144 3613 0
8151 6814 0
4867 3092 0
7608 2062 0
124 8958 0
6765 623 0
5939 5590 0
1587 2599 0
426 6561 0
6863 4386 0
7130 8184 0
4773 7516 0
1756 5410 0
1079 7596 0
1798 4397 0
9785 9243 0
5554 3897 0
9365 5654 0
4353 4975 0
9831 242 0
5184 4313 0
4578 4423 0
9969 843 0
7739 4477 0
6756 5420 0
3868 5766 0
9965 486 0
5306 4818 0
4729 5519 0
7429 4363 0
600 9756 0
1696 1992 0
3812 4215 0
9723 8776 0
3189 840 0
2756 7732 0
3052 1838 0
4732 8629 0
6404 9378 0
8584 8128 0
3370 2061 0
1025 6481 0
4334 4991 0
9153 522 0
5582 7969 0
2717 8427 0
974 9159 0
9979 1421 0
9163 2991 0
3536 4083 0
340 4500 0
4349 4918 0
308 3994 0
2243 8257 0
5766 7535 0
6905 1561 0
9582 1206 0
5330 7682 0
5585 2188 0
8114 8541 0
3747 2999 0
57 6503 0
223 9195 0
4256 7633 0
9898 7570 0
1026 3947 0
2904 2391 0
9672 7540 0
8354 5785 0
6669 3477 0
8811 6320 0
4900 7958 0
3517 9980 0
6638 328 0
6998 4176 0
3592 8358 0
7755 1079 0
958 37 0
5350 8837 0
6682 2421 0
9415 9826 0
3311 9786 0
6735 1533 0
3986 1494 0
8868 2806 0
7815 5719 0
392 6834 0
9911 8518 0
5635 7272 0
6771 8835 0
9573 5803 0
7969 3421 0
8663 6109 0
3574 6933 0
9120 593 0
8576 1946 0
4469 1474 0
3944 7451 0
3447 1494 0
4482 9874 0
9333 5793 0
3605 8655 0
3857 1862 0
4280 8198 0
3158 934 0
8812 8943 0
1130 7128 0
7344 1257 0
405 9372 0
1883 7809 0
3332 4631 0
604 3661 0
7005 7656 0
1924 9749 0
287 1195 0
8720 1804 0
9846 8712 0
372 7204 0
7374 2116 0
2784 6204 0
2401 7133 0
7998 7199 0
4211 5123 0
7601 1078 0
2165 7900 0
8869 4305 0
241 352 0
7781 1937 0
2114 1559 0
2869 8789 0
6756 1347 0
5737 7007 0
2671 4855 0
9004 1621 0
871 1564 0
9727 3922 0
8854 3336 0
7836 2362 0
7908 6113 0
7447 9624 0
7629 4168 0
7266 1727 0
2697 3630 0
6381 4516 0
711 3640 0
2798 282 0
3193 5603 0
7443 8708 0
1213 2787 0
3608 6931 0
8233 53 0
4784 5534 0
9268 3752 0
7451 7049 0
3536 3549 0
6101 5874 0
1267 2139 0
1988 7627 0
1551 3579 0
8579 8521 0
9169 8925 0
1224 9180 0
5397 4252 0
5302 8768 0
8765 6289 0
6994 4211 0
66 3091 0
1953 180 0
268 5868 0
4211 2799 0
8328 6961 0
3352 6613 0
6981 1449 0
3265 5967 0
1028 897 0
4649 4782 0
4898 6671 0
2500 6569 0
