1450 21 589
9674 477 0
8517 1707 0
8666 705 0
9366 1205 0
9433 794 0
8780 1210 0
8490 1403 0
8459 1147 0
8220 846 0
9528 1272 0
9556 185 0
9609 318 0
8970 584 0
9173 1091 0
9376 237 0
9247 1924 0
8959 1871 0
8523 1948 0
9311 45 0
9940 1222 0
9506 1584 0
8713 1838 0
9879 770 0
9090 160 0
9210 1597 0
9176 388 0
9065 787 0
9439 923 0
8803 28 0
8526 292 0
9546 1479 0
9324 208 0
9549 558 0
9203 953 0
8787 654 0
9498 1734 0
8486 1941 0
9309 1904 0
9024 1634 0
8347 1290 0
8452 886 0
8539 1571 0
9197 1065 0
8684 1119 0
8544 295 0
8696 1550 0
9832 116 0
9466 1186 0
9231 572 0
8957 1836 0
9104 1005 0
9536 524 0
9700 324 0
8730 1016 0
9041 699 0
9308 965 0
4197 2810 0
3532 2074 0
3975 3457 0
4189 2838 0
3512 2349 0
4458 3221 0
5137 2157 0
4348 2253 0
4294 2872 0
4643 2262 0
5252 3705 0
4098 2586 0
5059 3589 0
3407 2328 0
3909 3692 0
4107 3456 0
3477 2674 0
3553 3403 0
4397 2839 0
4492 2348 0
4276 2144 0
3616 2455 0
5232 1958 0
4342 2828 0
3940 3814 0
3602 3351 0
4852 3896 0
5028 3872 0
4999 3567 0
4153 2149 0
3663 3239 0
4741 2908 0
5190 2351 0
3948 3395 0
4656 3730 0
4042 2442 0
3743 2992 0
5317 3763 0
3733 2154 0
4257 2187 0
4425 3474 0
5153 3928 0
4044 3497 0
5022 2271 0
3669 2724 0
3407 3915 0
4437 3817 0
3436 2168 0
4611 3660 0
5114 2185 0
4316 2711 0
5314 3596 0
4058 2338 0
3402 3810 0
4644 2180 0
4282 3121 0
3229 6223 0
3316 5115 0
4542 6905 0
4111 6574 0
3445 5463 0
3868 5732 0
3082 6398 0
3289 6570 0
4676 5978 0
3224 6486 0
3985 6890 0
4603 6106 0
2839 6335 0
4819 6081 0
2929 5489 0
4014 5228 0
3879 6732 0
3028 6792 0
4204 6291 0
4571 6785 0
3129 6115 0
4794 5491 0
4657 5929 0
3249 5296 0
3257 6757 0
4128 6263 0
4188 6673 0
4612 6804 0
4055 5133 0
3934 5285 0
4522 5579 0
4497 5459 0
4162 5566 0
3180 5129 0
4785 6080 0
4699 6386 0
4319 5280 0
3056 5643 0
4661 6060 0
4517 6639 0
4073 5480 0
3568 5976 0
4497 5018 0
3048 5883 0
3224 5519 0
3833 5838 0
4179 6379 0
4650 5409 0
3030 6040 0
4019 6907 0
3328 5725 0
3346 5795 0
3599 6824 0
4302 6478 0
4024 6476 0
3205 5519 0
3324 4592 0
2069 4430 0
1483 3302 0
3266 3570 0
2560 4688 0
2948 3360 0
1778 4269 0
2389 3530 0
1599 4241 0
2753 3572 0
1796 4588 0
2528 4561 0
2467 3497 0
1871 4271 0
1495 4506 0
1748 5071 0
3397 3792 0
2363 4733 0
3454 4333 0
3292 3225 0
2524 3412 0
1795 4961 0
3446 3271 0
2171 4670 0
1488 4459 0
3348 4463 0
3090 3689 0
2979 3762 0
2466 4834 0
2114 3804 0
1717 3825 0
3228 4272 0
2024 3952 0
1501 3593 0
2386 4762 0
1755 4555 0
2427 3558 0
2002 4903 0
2686 3765 0
2052 4182 0
3195 3676 0
2284 4154 0
3034 3452 0
2471 3413 0
2577 3894 0
3184 4212 0
2708 4883 0
2413 3933 0
1913 4752 0
2274 3962 0
3157 3700 0
1817 3905 0
2914 4337 0
2733 4972 0
1890 4143 0
2032 4393 0
1710 6917 0
1460 7948 0
42 7151 0
206 6921 0
943 8141 0
1341 6464 0
1501 6941 0
1460 7435 0
1383 6500 0
797 7326 0
1836 7246 0
1330 6795 0
482 8129 0
1160 8047 0
772 8170 0
1600 7894 0
600 7783 0
1737 8023 0
666 7237 0
1753 7351 0
538 7733 0
507 8342 0
1383 6631 0
365 7605 0
62 7770 0
613 7397 0
1361 7282 0
1795 8255 0
1478 7326 0
1074 8385 0
726 6457 0
1691 7947 0
232 7043 0
710 6660 0
159 6895 0
903 7705 0
1736 6445 0
57 7907 0
961 7534 0
600 6485 0
1332 6501 0
210 6645 0
1773 7355 0
1131 7431 0
899 7788 0
1251 8317 0
585 6683 0
144 8040 0
43 8026 0
1433 7797 0
507 8112 0
925 7964 0
1291 7492 0
887 7974 0
60 6775 0
1098 7155 0
7526 6203 0
6817 5754 0
7474 5645 0
6202 6285 0
7509 5849 0
7075 5852 0
6895 6404 0
7102 5735 0
7495 4749 0
7610 6331 0
6718 5527 0
5863 5401 0
5927 4812 0
6116 4886 0
6155 6164 0
6381 5102 0
5929 4948 0
6474 5339 0
6720 5323 0
5891 6007 0
6986 5681 0
6725 5253 0
7095 5462 0
6983 4834 0
6665 6297 0
6506 6001 0
7398 4585 0
6612 5068 0
7657 4730 0
5838 5230 0
6491 4489 0
5976 5922 0
7691 5627 0
7565 4464 0
7496 4667 0
6719 4658 0
7631 4962 0
5871 5812 0
6756 5230 0
6075 4936 0
7068 5825 0
5779 5249 0
6475 6225 0
5882 6069 0
7557 6263 0
6590 5209 0
6660 5438 0
7472 4783 0
6778 5433 0
6667 5068 0
5715 4637 0
5862 5726 0
6495 5837 0
7294 4575 0
5920 6237 0
6865 5686 0
6298 1820 0
5756 2385 0
6500 2861 0
5785 2166 0
6397 1576 0
6725 2639 0
6751 2043 0
5054 1980 0
6727 2753 0
6785 3024 0
5291 1949 0
5026 2977 0
6469 2262 0
6298 2443 0
6749 2886 0
6041 2941 0
4987 3262 0
6808 2153 0
5911 1737 0
6014 2153 0
5822 2089 0
5930 1704 0
6423 3148 0
6196 2471 0
6027 2386 0
5495 2535 0
6076 2397 0
5582 2791 0
5243 2579 0
5858 1678 0
6675 2425 0
5210 3419 0
5684 2277 0
6739 3425 0
5725 2362 0
5622 2629 0
5639 3235 0
6573 2399 0
5374 3022 0
6209 2726 0
5872 1804 0
6784 3373 0
5068 2705 0
6631 2198 0
5248 2636 0
5067 3213 0
6692 3465 0
6445 3221 0
5041 2618 0
6152 2037 0
5969 1609 0
5396 2315 0
6273 1823 0
6761 3148 0
4984 1868 0
5498 1848 0
1474 8079 0
193 9053 0
1273 8944 0
656 8014 0
1209 9716 0
1438 9295 0
371 8273 0
302 8372 0
1040 8061 0
343 9123 0
1657 9545 0
47 9558 0
1101 8602 0
734 9488 0
647 8904 0
1325 9466 0
1320 9659 0
857 8663 0
858 9332 0
25 8664 0
1081 9014 0
210 9719 0
1576 9738 0
69 9851 0
1635 9537 0
281 8282 0
1537 8598 0
1049 8160 0
360 8190 0
107 8290 0
1431 8705 0
816 9573 0
1520 8892 0
562 8874 0
1365 9380 0
1635 8343 0
701 8043 0
955 9321 0
1273 8055 0
395 9354 0
1520 8242 0
650 9688 0
1395 7964 0
310 9556 0
1150 8811 0
254 9756 0
1451 9835 0
907 9630 0
603 9506 0
1016 8241 0
678 9635 0
315 9860 0
1305 8813 0
210 9017 0
85 9472 0
194 9680 0
7879 2976 0
7275 4681 0
7196 4515 0
7829 4760 0
7975 4151 0
7438 3730 0
7808 4904 0
7838 3954 0
8100 3579 0
7125 4137 0
7979 4905 0
8405 2957 0
8248 4549 0
7156 3762 0
8859 3806 0
7330 4476 0
8644 4187 0
6933 3849 0
8838 4923 0
8230 4881 0
7529 4668 0
8710 3829 0
8848 3805 0
8834 3503 0
7012 3354 0
7796 4808 0
8628 4069 0
8683 3025 0
7036 3449 0
7489 4026 0
8138 4590 0
7304 4009 0
8711 3398 0
8743 3853 0
7030 4288 0
7898 3810 0
8342 4550 0
7769 4539 0
7264 3524 0
7023 3215 0
7175 3160 0
7970 4479 0
8044 3899 0
7316 3398 0
7090 3445 0
8882 4183 0
8040 3773 0
7578 4795 0
8048 4185 0
7770 4853 0
6962 4820 0
7993 4681 0
7773 3331 0
7074 4478 0
8626 3311 0
8475 4768 0
8778 7905 0
7648 147 0
8576 2188 0
8082 4353 0
9602 6064 0
3602 7451 0
4392 5431 0
1000 1269 0
5404 8627 0
9405 9690 0
9757 1040 0
6649 3384 0
7449 9377 0
5054 327 0
1195 8066 0
7909 9578 0
8880 5145 0
2556 7276 0
4502 8218 0
4530 7490 0
5357 8473 0
2772 1382 0
9641 1047 0
9299 8364 0
3088 1982 0
1661 2855 0
8113 7548 0
7404 3796 0
4380 9298 0
5730 1006 0
6257 9193 0
2490 2427 0
4229 2693 0
8773 3639 0
1911 3003 0
9649 6603 0
2026 817 0
9643 6897 0
4870 2534 0
4405 9260 0
102 9561 0
134 210 0
5570 6397 0
2466 8678 0
8586 6533 0
3846 7846 0
9806 5882 0
8588 9871 0
3148 5913 0
4368 7405 0
2172 2328 0
6518 4166 0
698 1959 0
1202 3646 0
2638 5429 0
6368 4922 0
3085 8437 0
379 9242 0
2951 1778 0
5743 5878 0
3972 4072 0
5040 6056 0
8932 2390 0
2384 9094 0
2075 6127 0
6577 8021 0
3129 9976 0
5224 1305 0
796 2037 0
8102 9707 0
7771 661 0
6256 1850 0
170 1836 0
2583 964 0
2843 4177 0
4088 4501 0
6554 7103 0
9550 528 0
5937 4188 0
9904 7825 0
6871 9463 0
8495 9324 0
739 5614 0
4891 8156 0
8268 8522 0
4731 2025 0
7852 2323 0
3363 7938 0
1956 3261 0
2433 9372 0
425 1441 0
6247 5855 0
1939 5736 0
9220 8391 0
1968 4292 0
9693 4959 0
9579 9528 0
1379 6110 0
8816 9678 0
5578 3311 0
5146 2403 0
3042 8668 0
8610 9433 0
5767 3524 0
6386 1385 0
9446 9863 0
1108 6972 0
1308 2554 0
6252 3124 0
1541 9061 0
4836 9677 0
1107 45 0
7056 7013 0
3046 3489 0
4321 2088 0
7106 4732 0
4257 7740 0
3552 7432 0
8329 2981 0
6216 9279 0
5968 5855 0
3013 9432 0
8175 2460 0
4911 7805 0
3150 3656 0
3611 3911 0
9830 9490 0
8855 4403 0
237 5237 0
3049 4980 0
8203 9476 0
2297 1404 0
8139 1902 0
3672 9155 0
8369 3946 0
6558 9175 0
3415 222 0
8325 8006 0
9568 5498 0
4201 6041 0
5357 2320 0
4916 1695 0
574 1408 0
4787 3131 0
5595 9795 0
571 9033 0
4733 9039 0
9986 1102 0
9802 7258 0
2096 8545 0
8767 3097 0
3439 9748 0
2454 308 0
9902 9801 0
2900 8632 0
7725 8418 0
401 1050 0
7797 6469 0
9350 9184 0
6681 1260 0
7336 5871 0
7540 7450 0
9932 5224 0
7247 8736 0
2360 2513 0
1859 8721 0
5168 2403 0
1673 7091 0
7235 6035 0
5485 6041 0
5457 3570 0
97 8169 0
1623 3490 0
5795 2462 0
199 3364 0
1655 3134 0
5454 8453 0
8762 921 0
135 4994 0
724 6157 0
1452 6280 0
3076 405 0
7017 5675 0
4204 1590 0
1981 6077 0
5764 9016 0
5381 1062 0
3615 5493 0
7152 9056 0
341 5180 0
4547 3289 0
8294 2414 0
3099 3246 0
4704 6703 0
6990 9118 0
8085 4768 0
4064 265 0
2108 3714 0
1863 4787 0
1763 3846 0
465 594 0
5050 4512 0
7042 8096 0
3896 4468 0
8933 7277 0
3995 9883 0
2183 1695 0
525 6641 0
6209 5370 0
6055 7810 0
2665 8145 0
6706 6437 0
2242 4866 0
8283 4490 0
5380 6614 0
7034 4407 0
5142 4685 0
2521 8096 0
9618 3893 0
224 5378 0
1725 8597 0
5159 7770 0
5526 4311 0
2921 8517 0
1782 3783 0
6223 7474 0
919 5899 0
9581 4646 0
9138 7983 0
356 8276 0
4553 8904 0
3342 642 0
4544 223 0
1441 1545 0
6406 5096 0
3265 2098 0
1431 7526 0
9958 232 0
5760 4308 0
8712 5351 0
1673 6730 0
1688 2520 0
5582 1450 0
2996 1434 0
1673 9023 0
9852 7626 0
8471 1197 0
6619 581 0
1892 4387 0
8497 8542 0
3158 7646 0
6711 7172 0
2031 545 0
1785 5377 0
1271 5281 0
4697 3215 0
1279 3636 0
7783 4389 0
9367 460 0
4379 1474 0
1151 563 0
3466 1136 0
1199 6473 0
5091 8102 0
6179 9350 0
2466 5270 0
7136 4444 0
6399 6079 0
4931 1771 0
4284 6312 0
5560 1713 0
7845 4272 0
8496 5047 0
7021 1683 0
230 6996 0
9451 3406 0
4158 5505 0
8699 3207 0
797 4149 0
4074 740 0
6176 7181 0
2078 7184 0
1100 9005 0
8722 4499 0
8168 498 0
8943 7257 0
6251 6830 0
1011 1171 0
164 8194 0
961 826 0
2665 4409 0
8814 7378 0
8976 2905 0
4124 9176 0
4261 6641 0
2791 1866 0
6021 2665 0
7527 6226 0
5901 5391 0
536 2024 0
536 5711 0
1955 8046 0
2104 4865 0
8888 2226 0
1751 3256 0
5233 8186 0
8709 3495 0
7972 2203 0
3994 7152 0
7856 8222 0
756 8646 0
518 582 0
9129 5932 0
3297 8400 0
9326 5345 0
7198 2867 0
2451 943 0
3260 7451 0
5519 3171 0
6453 3794 0
5479 9913 0
702 4979 0
1431 9145 0
9248 3378 0
1805 2775 0
9640 9161 0
6813 2948 0
811 9319 0
3896 3017 0
3049 5361 0
7053 6863 0
1694 8097 0
9428 7598 0
8596 7164 0
3060 6777 0
6541 9803 0
9248 2099 0
2504 9879 0
6731 6184 0
4677 8787 0
8378 8638 0
1966 6715 0
5140 2739 0
8981 8297 0
7078 4716 0
7925 1793 0
1342 8805 0
173 9769 0
1692 8700 0
4483 1806 0
2380 8808 0
8369 8873 0
5812 6084 0
3445 5058 0
1531 3457 0
7420 2150 0
9893 2215 0
5738 9486 0
8272 2153 0
4833 2435 0
5692 6292 0
5792 7529 0
9878 8538 0
1781 569 0
5093 2167 0
6544 2718 0
9187 3881 0
5177 2518 0
152 6507 0
3595 8483 0
6670 4934 0
7040 1373 0
3994 1681 0
969 4671 0
4117 7003 0
5774 3684 0
3138 1488 0
5639 7048 0
6347 124 0
2775 8251 0
2778 5756 0
7335 7686 0
7484 6916 0
4969 8447 0
9313 4280 0
7941 9240 0
2917 8113 0
6670 3616 0
8798 6716 0
4948 2917 0
2086 150 0
8429 5053 0
7829 7110 0
104 3032 0
7314 2104 0
5532 852 0
3190 8787 0
4054 831 0
1761 2957 0
5618 4062 0
5372 9259 0
4306 1148 0
8722 5056 0
4995 8637 0
8867 4107 0
9454 4822 0
9746 3775 0
8195 3760 0
516 9046 0
2172 8870 0
7511 9970 0
5877 5350 0
9709 9567 0
7194 9882 0
2848 2621 0
205 9416 0
7945 9514 0
3669 823 0
1731 4660 0
5554 2870 0
5664 1030 0
3654 4983 0
3268 8192 0
9877 8432 0
2387 216 0
5875 3507 0
2442 1673 0
9545 1724 0
1291 4256 0
1938 1111 0
9131 3055 0
3294 4600 0
3733 207 0
2551 3801 0
7524 6188 0
9142 3695 0
4019 4220 0
4099 1141 0
6851 7917 0
8274 7372 0
6971 4644 0
2645 1946 0
7599 9796 0
902 1269 0
4559 3948 0
2464 5812 0
3494 5056 0
5610 719 0
6715 7327 0
6755 1034 0
9253 6066 0
3426 4065 0
2404 8230 0
4327 8889 0
4287 1220 0
9535 8027 0
1931 3406 0
2848 7770 0
619 3154 0
743 8801 0
6541 5324 0
2897 9719 0
6618 3429 0
2362 4887 0
5563 3518 0
6685 1461 0
3164 1145 0
5640 7414 0
9301 2672 0
1355 126 0
913 1862 0
6476 1758 0
8595 38 0
4889 4502 0
363 8761 0
4385 6941 0
8425 5203 0
725 7723 0
8931 8785 0
7929 5457 0
7776 2688 0
3258 1488 0
8101 5920 0
7646 2159 0
4612 4497 0
7251 5142 0
8430 562 0
1581 2696 0
9258 3201 0
642 3956 0
8857 2695 0
7211 5045 0
1863 6077 0
2842 7601 0
8134 1490 0
5118 7724 0
4614 6933 0
556 1596 0
7592 5158 0
1024 7839 0
3241 3126 0
8782 2549 0
5584 155 0
5249 4349 0
9525 1213 0
5109 9056 0
6960 2320 0
1182 8840 0
5195 6320 0
8400 4240 0
909 2407 0
9744 5159 0
7428 2768 0
3176 3375 0
952 6219 0
6385 1222 0
1335 9022 0
4463 9411 0
5547 8595 0
8904 631 0
5895 5683 0
7010 5427 0
6098 9746 0
1447 3867 0
7774 3779 0
1863 8166 0
346 2292 0
8091 1689 0
66 3894 0
5509 8263 0
7602 3796 0
663 144 0
7589 2759 0
8371 4528 0
4022 2283 0
5669 3780 0
223 1716 0
3172 3448 0
3145 4470 0
1364 8061 0
2649 7091 0
318 9301 0
8643 6950 0
1538 2653 0
8016 8165 0
2104 4929 0
6914 3833 0
7264 1756 0
3368 489 0
6778 5004 0
4078 9685 0
2212 438 0
69 8843 0
6002 5310 0
8127 366 0
5433 114 0
2170 6732 0
5905 7300 0
4777 620 0
6510 3922 0
6712 2442 0
6337 3256 0
6716 5856 0
250 2848 0
9729 7508 0
4703 7322 0
7373 2503 0
37 1055 0
6870 3964 0
8976 7760 0
599 6708 0
1411 2233 0
152 1374 0
3885 8000 0
3973 8688 0
2959 5801 0
6607 4090 0
2428 6134 0
7222 568 0
1425 4724 0
4125 4714 0
5731 8047 0
8234 4890 0
369 2962 0
9111 365 0
2950 7817 0
9092 5113 0
2773 508 0
2933 5837 0
8251 5789 0
1143 6573 0
8951 8674 0
1390 8682 0
9059 659 0
7701 3440 0
6910 4208 0
5883 4593 0
7422 4016 0
4542 5332 0
4230 8580 0
6819 8730 0
3136 309 0
70 7520 0
803 4839 0
2153 7176 0
3397 5830 0
2231 5327 0
8945 7532 0
1098 9267 0
9099 2013 0
2016 4803 0
3520 5453 0
5357 7748 0
6195 3055 0
9402 5639 0
2566 8498 0
8774 4480 0
2109 9465 0
1906 4468 0
3267 4511 0
2758 6888 0
2241 4773 0
1443 1463 0
3949 2975 0
8863 6628 0
1719 5763 0
475 1547 0
6050 1925 0
8874 3064 0
7545 690 0
2800 9667 0
5099 5958 0
6847 7618 0
2735 9907 0
2286 612 0
3820 4362 0
3466 512 0
5874 4108 0
3304 1990 0
5481 2703 0
3352 4680 0
2801 5715 0
3257 5256 0
8854 3882 0
4552 6242 0
4833 1936 0
5703 48 0
7084 2595 0
6415 1925 0
3160 5886 0
480 952 0
1845 631 0
7558 4053 0
9220 5248 0
2809 6526 0
6100 713 0
9292 3177 0
3355 4036 0
8315 6328 0
7726 3552 0
889 9715 0
7975 3910 0
4579 1010 0
1266 5037 0
4979 4569 0
7483 4096 0
4247 3266 0
2128 6082 0
1176 5820 0
6970 2932 0
2403 9840 0
4336 9735 0
8977 7965 0
5886 4649 0
3015 3362 0
4018 3359 0
6705 7004 0
9952 794 0
8656 1650 0
2061 3882 0
6470 1679 0
6829 7910 0
4055 6052 0
4348 2573 0
5676 753 0
6506 1983 0
5170 4977 0
3830 7487 0
9258 4287 0
1385 9671 0
9141 9020 0
8219 2779 0
2162 9186 0
5076 2840 0
5631 5425 0
2114 9756 0
4722 4436 0
4424 9590 0
8638 4357 0
3140 8045 0
5273 6517 0
5660 3486 0
6670 8409 0
4652 3971 0
1621 1621 0
2461 1198 0
3236 1567 0
4646 59 0
2359 6331 0
2216 7668 0
450 7202 0
2142 9548 0
3061 2251 0
7594 2871 0
5050 4180 0
6668 3622 0
6601 4814 0
9252 5369 0
7416 5204 0
9040 9398 0
9964 5047 0
6962 7275 0
9858 5538 0
1440 2932 0
9827 4931 0
6856 1682 0
8325 2717 0
7710 4372 0
9502 9682 0
1078 6933 0
4009 1785 0
4466 195 0
9422 8002 0
3070 1608 0
8285 3297 0
8054 1220 0
1297 4403 0
9446 1001 0
8913 6249 0
8180 2064 0
3202 8869 0
2960 4641 0
3401 3314 0
6380 2374 0
1006 1211 0
5056 2211 0
7632 6822 0
8977 8474 0
7910 6077 0
7924 7229 0
9496 8330 0
1787 8550 0
1532 2608 0
3648 6944 0
1804 3315 0
5848 9931 0
6361 2872 0
9758 298 0
3727 7118 0
6549 7878 0
4533 1302 0
5061 7512 0
2565 198 0
2616 8517 0
5963 9623 0
101 6330 0
1488 3303 0
4076 4249 0
4614 882 0
8108 4993 0
7515 9694 0
4958 9206 0
8224 4324 0
6460 6201 0
1671 2440 0
3979 4448 0
8607 2438 0
8394 5820 0
8064 5040 0
8948 4111 0
2751 1490 0
8008 6161 0
6932 2472 0
2401 9924 0
4319 3862 0
4167 6820 0
8603 6748 0
6874 4098 0
88 6747 0
749 7586 0
8287 7919 0
8955 1091 0
6885 7635 0
8462 6033 0
2994 164 0
8766 8202 0
1049 2829 0
9184 9295 0
8481 4417 0
7347 2119 0
8921 9446 0
7527 3507 0
6441 1095 0
2648 9992 0
1044 7526 0
9053 159 0
9395 792 0
2156 4350 0
4904 6367 0
4775 6878 0
7568 2698 0
4101 4967 0
1596 6154 0
2357 5734 0
2599 5938 0
5011 6942 0
2904 55 0
3988 878 0
1003 1566 0
8033 7485 0
1166 6341 0
9754 7111 0
9701 5902 0
1930 3871 0
8075 4435 0
7344 1315 0
40 6586 0
72 8507 0
2837 6364 0
3121 6062 0
4085 1216 0
2525 9274 0
2313 9596 0
5399 3743 0
1341 7789 0
5638 9590 0
2316 5725 0
4989 9260 0
4369 6740 0
1705 3881 0
2918 9199 0
4476 1914 0
3236 6545 0
1087 788 0
7790 5871 0
8730 4525 0
4695 4946 0
6837 3168 0
3895 8661 0
8643 6010 0
5439 1311 0
2061 8499 0
7008 5185 0
1078 9883 0
9949 4885 0
9638 4991 0
4491 2761 0
3515 9184 0
3389 7291 0
5126 355 0
983 5653 0
7802 8505 0
6714 8869 0
7233 4936 0
8518 4869 0
4345 5980 0
3905 4031 0
3618 2749 0
4229 2868 0
4323 8132 0
6007 2355 0
7031 5752 0
268 5128 0
4757 1074 0
8190 6236 0
9146 9152 0
1299 2245 0
6854 6149 0
9156 9044 0
4330 5691 0
6325 1207 0
2647 9255 0
1709 8228 0
8962 8934 0
9225 7361 0
8188 292 0
8946 7689 0
5132 8289 0
2257 9883 0
1004 4259 0
8976 1826 0
1025 7435 0
610 6111 0
4985 4900 0
5025 5409 0
289 3247 0
9672 5209 0
5476 6400 0
1825 7622 0
43 3526 0
4552 2915 0
8159 2263 0
4657 2141 0
8948 4846 0
1139 8218 0
7470 2678 0
8018 238 0
6348 7409 0
8563 8886 0
3592 8086 0
2747 3442 0
4970 1371 0
3290 5010 0
40 1782 0
1062 4081 0
4844 6961 0
4505 4966 0
9559 4850 0
1999 955 0
8174 6514 0
4238 3330 0
9109 8505 0
1457 4987 0
5357 3008 0
9048 3651 0
2306 471 0
180 5972 0
8523 7498 0
3171 2250 0
1063 5792 0
6887 5820 0
7988 6499 0
7876 1432 0
4516 8974 0
4716 8187 0
2598 8205 0
2537 6783 0
2215 1984 0
6959 6721 0
2063 9674 0
2840 5752 0
3175 528 0
1045 8369 0
159 8097 0
6733 583 0
1321 1429 0
