1450 50 41
3400 8284 0
3123 8530 0
3279 7685 0
2967 8808 0
1979 8794 0
2807 7916 0
3165 7534 0
3282 8635 0
3678 8799 0
3059 7503 0
3597 7737 0
3053 6885 0
2723 6981 0
1962 7768 0
1886 8076 0
3275 7957 0
2779 8212 0
3355 7717 0
2539 7975 0
3550 8374 0
2223 7954 0
2365 7256 0
3615 8412 0
2564 7959 0
3259 8233 0
3696 7611 0
3446 7828 0
2975 7175 0
2742 7394 0
3471 8170 0
2636 7172 0
2717 7147 0
3178 7351 0
2727 8819 0
3381 6942 0
3856 6881 0
3042 7069 0
2655 7406 0
2529 7789 0
2012 8404 0
3340 7093 0
2257 7207 0
2927 7831 0
3499 7471 0
3123 7365 0
3436 8671 0
2785 7286 0
2320 7017 0
2847 8828 0
3718 7586 0
3236 7297 0
1932 6897 0
2190 8356 0
2591 8337 0
3413 7351 0
2079 8000 0
296 8300 0
642 8822 0
1420 8732 0
1649 9578 0
85 9809 0
1582 8930 0
240 8962 0
812 8106 0
22 8926 0
759 9512 0
478 8498 0
800 9873 0
74 8287 0
1112 9313 0
1404 9218 0
766 8331 0
212 9478 0
795 8773 0
1036 9794 0
830 9759 0
142 9664 0
1582 8796 0
1602 9481 0
1520 9270 0
1007 9717 0
132 9628 0
326 8447 0
1502 9316 0
1171 9468 0
1014 9942 0
1106 8297 0
227 9332 0
427 9341 0
781 9731 0
683 8489 0
1218 8756 0
1155 8952 0
1166 8314 0
1047 9284 0
574 8719 0
720 9450 0
1564 9027 0
934 8124 0
992 9938 0
534 9560 0
1511 9618 0
348 9171 0
52 9685 0
1090 8930 0
815 9270 0
147 9159 0
264 8633 0
1248 9072 0
624 8992 0
96 8926 0
1501 8692 0
2526 9693 0
2941 8913 0
2665 9054 0
2594 8448 0
2301 8510 0
3875 9610 0
4195 9622 0
3389 9970 0
3111 9629 0
3150 9622 0
3910 8101 0
3246 9845 0
3494 8352 0
2252 8887 0
4165 8758 0
3025 9302 0
4126 8985 0
4097 8834 0
3927 8541 0
3897 8424 0
4159 9977 0
3304 8730 0
3066 9183 0
3053 8928 0
3753 9566 0
2425 8865 0
3793 9203 0
2516 9204 0
3948 9557 0
3875 8484 0
2757 9945 0
3184 9247 0
4062 8291 0
2887 9415 0
4216 8606 0
2745 9323 0
3609 9947 0
2994 8380 0
3223 9602 0
2457 9604 0
3113 9283 0
4111 8685 0
3939 9668 0
2893 9418 0
3163 9413 0
4112 8641 0
2292 9520 0
4214 8583 0
2485 8878 0
2498 9209 0
3766 9218 0
3063 9402 0
3619 9131 0
3800 8693 0
4132 8743 0
2955 9011 0
7559 5298 0
7156 5409 0
7476 5440 0
6384 6431 0
7146 5228 0
6043 5416 0
5709 6708 0
7109 6972 0
6004 6376 0
7609 6695 0
7327 7028 0
6787 5430 0
7560 6250 0
5667 6374 0
6637 5802 0
5986 5146 0
7444 6376 0
7366 6712 0
6705 7014 0
7513 6465 0
5919 7028 0
7370 6733 0
6034 5977 0
7625 5258 0
6032 5869 0
5772 5890 0
6695 5490 0
5716 5144 0
7495 7092 0
5940 6625 0
6204 5229 0
6254 7060 0
6506 6942 0
6929 5577 0
6718 5646 0
5842 6186 0
6006 5517 0
7081 6262 0
5851 6154 0
7377 6685 0
5736 5938 0
6678 6606 0
6555 5266 0
7326 7119 0
7565 6649 0
6032 6235 0
7245 6305 0
5766 5472 0
6707 7021 0
6144 5697 0
6521 5943 0
6400 6919 0
6535 5142 0
6857 7000 0
6460 5678 0
7116 5423 0
7411 7929 0
8635 9121 0
8438 7556 0
8437 8048 0
8879 8693 0
7380 8799 0
7656 8567 0
8709 8841 0
7137 7523 0
8314 9342 0
9074 8773 0
9091 9217 0
7601 8427 0
9016 8984 0
8667 9108 0
8496 7752 0
8401 7741 0
9039 7944 0
8177 9145 0
7712 8813 0
8914 9433 0
8491 8364 0
7917 8244 0
8559 7706 0
8607 9443 0
7649 8348 0
8503 7798 0
8010 8450 0
8128 9384 0
8034 9235 0
8139 7878 0
8213 8190 0
8677 8408 0
7305 7829 0
7749 8618 0
8279 7783 0
8904 7508 0
8187 8848 0
8252 9195 0
9002 9011 0
7525 8929 0
8901 9417 0
7616 9383 0
8014 9152 0
8013 9210 0
7868 8572 0
8495 9142 0
7751 8232 0
7405 8504 0
8109 8876 0
7389 9380 0
8719 8504 0
8115 8236 0
9099 8206 0
8505 8596 0
7319 7666 0
9931 1201 0
8988 1349 0
9913 2077 0
8609 2094 0
8908 1474 0
8780 2764 0
9569 2577 0
8694 2076 0
9133 1541 0
9858 1274 0
9001 1643 0
9120 1655 0
8962 1389 0
8820 2600 0
8989 1038 0
8816 1917 0
8739 1033 0
9196 2718 0
8722 1210 0
8946 1066 0
9208 1751 0
8803 1559 0
9489 1900 0
8695 1689 0
9616 2552 0
9280 1656 0
9517 2696 0
9002 2999 0
8781 1854 0
9642 1242 0
8609 2904 0
9828 2119 0
9023 1889 0
8740 2409 0
8784 2324 0
9393 1448 0
9417 1295 0
8688 1848 0
9829 1698 0
9275 1944 0
9420 2207 0
9026 1494 0
9470 1379 0
9701 2887 0
8900 2140 0
9037 2718 0
8555 2544 0
9919 1490 0
9384 1851 0
9425 2069 0
9198 2966 0
8679 1036 0
8918 2842 0
9824 1359 0
9506 2947 0
8548 2204 0
2813 6942 0
1892 6958 0
1037 5577 0
2086 5778 0
1316 7225 0
2580 6177 0
2912 6578 0
1296 7129 0
2171 6892 0
1849 7024 0
985 6871 0
1486 6767 0
1532 6571 0
2975 6277 0
1001 5607 0
1287 5484 0
2938 6588 0
2191 6022 0
2504 6558 0
2394 7297 0
1722 5909 0
2194 6526 0
1255 6236 0
2394 5568 0
2868 6902 0
1212 5512 0
2768 6082 0
1494 6616 0
2550 7080 0
1363 6528 0
1008 6961 0
2269 5879 0
1321 5735 0
2930 6532 0
1007 6517 0
2294 6940 0
1210 6817 0
1303 6615 0
1929 6337 0
1510 6892 0
1074 5842 0
2736 7226 0
2193 6156 0
1222 7325 0
1422 5801 0
2543 6026 0
1347 6564 0
1761 6097 0
1724 7048 0
1365 7213 0
2662 5779 0
2034 6887 0
2528 5633 0
1547 5955 0
2447 5824 0
2190 6436 0
3722 7885 0
3756 8298 0
4094 7263 0
4009 7319 0
3950 7604 0
3505 7458 0
3645 8049 0
4404 8686 0
4467 8412 0
3897 8132 0
4787 7438 0
3789 7612 0
3652 7742 0
4266 7032 0
5137 8358 0
3519 7184 0
3451 6974 0
3608 7988 0
4615 7710 0
3531 8297 0
3432 8519 0
3856 8699 0
4457 7016 0
4876 8160 0
4926 8705 0
4104 7652 0
5163 8964 0
3371 7811 0
4357 8160 0
4334 8209 0
4448 8417 0
4475 8867 0
3568 8261 0
3329 7983 0
5295 7814 0
5131 8768 0
3546 8682 0
3958 7235 0
3438 8575 0
4711 7274 0
5064 8360 0
4324 8652 0
3740 8169 0
4483 7995 0
3323 8098 0
5173 7456 0
4636 8497 0
5032 7521 0
4343 8349 0
5255 8580 0
3700 7711 0
4723 8902 0
4741 7333 0
5262 7412 0
4010 7457 0
4347 7343 0
2172 8598 0
1893 7965 0
1358 7885 0
2495 7181 0
1010 7818 0
2668 7032 0
2283 6755 0
853 8468 0
2820 7387 0
2132 8281 0
1696 7487 0
2625 8397 0
2150 8610 0
2735 8493 0
1467 7160 0
1953 8001 0
1950 8594 0
1942 7368 0
1315 7479 0
844 7398 0
2785 7734 0
1521 8634 0
2300 8069 0
1422 7037 0
2326 7559 0
2728 7325 0
852 6837 0
1593 7939 0
2797 7075 0
2579 8380 0
1386 7268 0
977 7668 0
2086 8241 0
2489 7645 0
1653 8146 0
1634 7909 0
2201 7782 0
1071 7683 0
1820 7570 0
1158 8713 0
2240 7136 0
2590 7616 0
2107 8739 0
1666 7333 0
1272 7999 0
1142 7690 0
1979 7805 0
1229 8718 0
1452 7816 0
2458 7606 0
1625 6807 0
1360 7978 0
1082 7329 0
2544 7061 0
1856 7577 0
1177 6796 0
2118 7909 0
208 5594 0
8219 2681 0
2794 6084 0
9395 9920 0
3928 2838 0
3408 3319 0
3911 3480 0
4976 8372 0
9790 1944 0
8009 4215 0
8685 6265 0
6381 269 0
4876 5572 0
3686 600 0
1276 2294 0
3103 8490 0
4728 8474 0
1061 176 0
8071 9726 0
1398 5310 0
9503 7082 0
343 930 0
8089 2573 0
7592 5260 0
7137 5856 0
7991 3140 0
8497 9098 0
5520 7544 0
396 1890 0
3680 270 0
465 5337 0
9336 8893 0
9373 1866 0
8508 7424 0
3608 2972 0
4417 221 0
6890 5966 0
5757 2028 0
9432 2518 0
8678 3523 0
6032 9292 0
374 6401 0
4475 2417 0
6061 1246 0
9451 5586 0
6641 2771 0
1730 6959 0
4951 3085 0
1589 8389 0
3738 3496 0
7935 5163 0
507 6313 0
1129 9108 0
8890 2600 0
8287 6883 0
5051 8332 0
9125 5 0
936 7414 0
8325 6647 0
3316 4277 0
1820 50 0
300 9956 0
9274 3138 0
8728 4591 0
1395 4445 0
7380 950 0
2464 7199 0
6599 4925 0
6576 4109 0
9692 8193 0
9749 5184 0
7469 6820 0
9519 7878 0
785 9701 0
4494 8803 0
6767 9659 0
7384 5537 0
6773 2562 0
4097 2163 0
4760 3236 0
5848 1959 0
9492 524 0
7479 2099 0
4901 5815 0
1805 1281 0
8273 9765 0
9383 6886 0
4724 290 0
1012 8951 0
792 1980 0
3216 4139 0
6281 3665 0
2557 7423 0
8892 5986 0
916 616 0
4767 1315 0
1061 4555 0
429 7475 0
4572 8652 0
7651 8816 0
8363 4751 0
197 2422 0
7677 4803 0
8171 7857 0
6749 6195 0
7838 2975 0
4135 6872 0
9199 9284 0
624 7135 0
1042 1593 0
1736 2454 0
8739 888 0
4550 9859 0
9535 8917 0
8356 1354 0
1556 7337 0
4206 8368 0
5153 7663 0
8711 2771 0
6978 1032 0
8111 7597 0
2692 4925 0
2165 5167 0
278 5915 0
1671 1676 0
1890 9747 0
9676 6402 0
2513 4440 0
5834 8026 0
6629 8239 0
1442 6418 0
8787 5063 0
6117 7817 0
8019 5821 0
6874 4590 0
9933 240 0
6983 8650 0
977 4837 0
1823 3827 0
3892 6184 0
5406 5845 0
3443 6507 0
3338 7299 0
6149 5709 0
6097 7726 0
34 4521 0
9652 9704 0
9101 6289 0
6863 4237 0
8420 6492 0
6835 5781 0
9236 4175 0
6306 3407 0
8844 9223 0
578 1845 0
6250 7681 0
9229 79 0
6846 1009 0
2097 465 0
8055 7842 0
1255 6844 0
5699 7092 0
4207 1734 0
2154 6737 0
9402 7119 0
9442 2762 0
5903 5865 0
5628 622 0
7981 569 0
7770 8263 0
8560 2762 0
3874 788 0
2199 1225 0
6881 5268 0
4462 1399 0
6665 5415 0
3823 4655 0
7721 1835 0
1302 7894 0
8101 1919 0
1605 387 0
3466 6999 0
9767 3629 0
3802 4810 0
8592 1079 0
6281 2259 0
4158 6616 0
454 1682 0
418 8926 0
5807 5016 0
267 9842 0
624 8647 0
2147 5662 0
5429 7716 0
7434 7180 0
2931 8232 0
463 2316 0
5823 504 0
8212 4576 0
2221 4199 0
2030 833 0
5488 636 0
5841 1047 0
5187 5659 0
7633 2121 0
5575 6568 0
1013 4283 0
9835 9231 0
6149 3299 0
5070 4811 0
8995 9746 0
5048 5819 0
3517 9567 0
9402 8590 0
4112 6487 0
3241 8955 0
5548 9490 0
4728 4846 0
958 1167 0
6599 759 0
9908 147 0
745 7664 0
9524 7154 0
386 1314 0
6243 5064 0
1451 9296 0
9441 8834 0
2388 7402 0
5669 5361 0
36 70 0
9131 7614 0
3816 1977 0
5598 5879 0
4066 6427 0
382 5898 0
3661 674 0
8370 2430 0
2952 7897 0
1767 777 0
2799 8568 0
8250 1792 0
5837 9457 0
6800 437 0
4545 8620 0
2570 1160 0
3547 2169 0
3279 7579 0
1691 6386 0
3514 4318 0
1011 4492 0
3737 4815 0
868 4948 0
9003 8447 0
6315 9141 0
228 2326 0
4268 5367 0
9589 8987 0
9702 3839 0
6996 5897 0
8991 2744 0
6681 1819 0
6157 7351 0
7229 3344 0
654 3558 0
5403 5618 0
563 1695 0
1937 3453 0
1437 9852 0
4663 2119 0
3773 4724 0
7716 8779 0
2255 7454 0
778 6446 0
1638 2810 0
9507 1075 0
5638 9477 0
4712 9980 0
8419 3674 0
2347 2451 0
3579 6737 0
6990 7092 0
1814 3090 0
5854 8114 0
7339 7977 0
3249 5160 0
3950 2943 0
7546 2800 0
987 3894 0
284 3240 0
7852 4869 0
929 2467 0
6137 7153 0
8611 5680 0
7561 4892 0
6346 702 0
599 4138 0
3214 3691 0
2945 3025 0
8315 9977 0
9496 2907 0
7801 9789 0
2969 2656 0
9670 4879 0
4696 8776 0
8245 9951 0
4003 4341 0
307 4543 0
2809 3615 0
6625 1766 0
5381 5289 0
3890 3393 0
9389 7018 0
8563 9149 0
2676 141 0
2912 2782 0
297 8574 0
2680 9348 0
9575 8206 0
5796 3066 0
1995 3368 0
6325 5712 0
9489 9241 0
1537 5424 0
317 5591 0
789 6534 0
796 7972 0
9434 7804 0
4338 3456 0
5410 826 0
613 4538 0
5760 49 0
3439 3618 0
8583 9894 0
5601 2810 0
3169 8758 0
6561 5718 0
8046 207 0
5138 8276 0
8375 3759 0
4576 8559 0
3848 2057 0
7356 5126 0
1521 5653 0
6733 2006 0
1900 614 0
840 7980 0
4163 9334 0
1460 708 0
8524 2223 0
6164 2679 0
4761 2182 0
6864 13 0
7416 2674 0
6894 1268 0
3785 9440 0
5561 5784 0
1783 3548 0
7028 3431 0
3646 7351 0
4668 4900 0
6202 8625 0
4137 457 0
5261 8275 0
3343 6665 0
5933 2733 0
2595 9615 0
3430 9583 0
7261 5959 0
8643 7822 0
2803 1423 0
6759 387 0
6457 8944 0
2148 7838 0
1260 9678 0
2464 7237 0
4880 9970 0
3487 9242 0
5271 4553 0
3740 918 0
3540 7963 0
8869 4495 0
3027 7421 0
7267 1172 0
3612 3542 0
2963 703 0
521 1617 0
4981 4013 0
3444 7816 0
879 2645 0
4252 886 0
2787 7125 0
3041 6579 0
9798 8833 0
3681 6518 0
5874 4783 0
1816 698 0
4165 7986 0
7219 2423 0
7512 9218 0
9825 6262 0
4169 9669 0
9932 2731 0
4845 2898 0
5680 669 0
5939 7621 0
9074 8124 0
9600 7130 0
137 5856 0
3469 7766 0
5510 4 0
9836 3305 0
8039 8347 0
2818 4227 0
4699 167 0
6623 9160 0
4594 6108 0
3158 6465 0
5053 2626 0
2772 9550 0
2940 8215 0
7029 4484 0
3379 358 0
7789 6868 0
349 5794 0
9554 213 0
5356 2724 0
9731 6313 0
3537 3439 0
7955 5426 0
555 8728 0
1048 4227 0
276 1338 0
9863 5980 0
3353 6219 0
2743 5497 0
2335 2480 0
7721 413 0
2031 1313 0
3073 2904 0
1248 6099 0
4505 4228 0
5899 4632 0
9062 4564 0
9029 238 0
9324 2056 0
4522 3079 0
1915 1631 0
2107 7237 0
8325 7003 0
7991 3540 0
5031 4301 0
440 3752 0
3651 4260 0
3254 4281 0
981 3207 0
9501 1332 0
7394 3400 0
4784 323 0
1014 9291 0
9921 6915 0
4007 830 0
5744 902 0
6046 915 0
8296 2982 0
8797 8048 0
5676 1813 0
1912 6285 0
1471 5576 0
4031 6092 0
3946 6224 0
5951 9072 0
5964 2097 0
3000 5757 0
626 8821 0
9743 6505 0
9801 7025 0
893 2741 0
3577 4076 0
5150 8889 0
688 2729 0
1440 1476 0
7488 3078 0
6350 5564 0
7811 7000 0
9181 6302 0
2544 4850 0
1002 7590 0
9049 2937 0
8046 6251 0
7368 6407 0
8822 5105 0
6140 8475 0
2933 6937 0
531 1126 0
8753 4964 0
3066 5969 0
7664 192 0
662 8980 0
104 3125 0
1862 8692 0
7906 4309 0
3179 2172 0
958 9148 0
2011 6052 0
6499 5620 0
4285 9676 0
6991 507 0
5693 8126 0
737 9331 0
3683 2201 0
5630 8544 0
5852 3622 0
9893 25 0
6903 929 0
2195 4595 0
7794 1630 0
4476 571 0
5383 1986 0
2447 4422 0
7869 9846 0
4428 5688 0
4756 88 0
1822 9476 0
9011 5763 0
8686 298 0
4538 6987 0
8234 8367 0
4787 1862 0
8591 4591 0
9469 5756 0
2001 8631 0
1342 1297 0
4206 8609 0
5228 4332 0
8754 8410 0
956 4868 0
9015 4547 0
4530 9809 0
8742 6832 0
2686 5988 0
877 6771 0
7243 448 0
5725 1591 0
6297 4134 0
6274 9520 0
9869 4161 0
1881 689 0
6277 6765 0
5442 575 0
8271 5661 0
3006 4186 0
5329 2649 0
630 1855 0
355 7072 0
8631 6795 0
7874 6751 0
4397 9708 0
3422 2297 0
600 5266 0
8349 4914 0
1767 4978 0
178 8128 0
9428 5641 0
8454 338 0
482 8237 0
2067 2934 0
9674 5184 0
491 2481 0
4006 853 0
5039 2804 0
4201 4761 0
1972 4603 0
4923 7598 0
898 4122 0
9092 6463 0
1980 9740 0
4708 8368 0
5256 3296 0
9909 6378 0
7815 1029 0
1181 7509 0
6587 7913 0
3023 5921 0
8858 8336 0
1018 7799 0
2655 3677 0
102 277 0
151 2302 0
8032 3643 0
338 8827 0
8020 1960 0
2284 6907 0
9688 4154 0
9355 5300 0
4059 3388 0
3985 5253 0
5877 1685 0
5228 2245 0
9980 388 0
7775 8587 0
1337 7792 0
3765 1588 0
6562 2124 0
9165 8878 0
8846 1979 0
667 4670 0
3462 8170 0
6246 8125 0
4600 4261 0
9893 3391 0
9729 8368 0
3563 704 0
6477 7781 0
5488 1351 0
69 8492 0
9950 1854 0
7831 6733 0
3526 3973 0
1799 4 0
4414 8535 0
7754 1967 0
2840 8601 0
8444 3285 0
3857 1270 0
9010 3211 0
8761 9123 0
6138 7833 0
3108 6947 0
7064 1571 0
4031 7194 0
4176 5148 0
9951 6800 0
809 2743 0
8970 1297 0
4668 4439 0
4402 8538 0
5273 6704 0
1362 7933 0
5650 2946 0
8307 8152 0
6753 2227 0
5713 9598 0
7628 5347 0
4982 5234 0
8685 9897 0
54 11 0
848 3328 0
4583 3945 0
1368 770 0
397 6008 0
5581 2360 0
7263 5959 0
320 5613 0
5388 3683 0
4808 7064 0
9260 5558 0
88 6195 0
7921 3474 0
4882 143 0
8780 221 0
3730 1962 0
1265 4005 0
6422 5022 0
3123 8421 0
3007 4120 0
6034 6940 0
7440 4077 0
8876 7923 0
4542 3261 0
7922 896 0
163 4319 0
4384 7227 0
5353 7205 0
5686 4046 0
859 5302 0
9445 3356 0
3994 4223 0
319 8883 0
6384 9735 0
933 8200 0
4128 9023 0
2051 413 0
1996 6249 0
2368 9629 0
6989 4622 0
8490 5212 0
4580 7866 0
1888 3942 0
5844 8509 0
2541 3639 0
6259 4463 0
6392 3046 0
1754 9336 0
3651 9997 0
420 5287 0
4341 8852 0
5446 2009 0
3583 9449 0
4879 838 0
7272 5193 0
5738 3559 0
5123 8140 0
9539 323 0
7788 8788 0
9466 6120 0
174 3436 0
3895 1765 0
1399 5838 0
982 1366 0
5392 7762 0
1592 5208 0
7420 7410 0
9920 1028 0
8989 3927 0
696 2579 0
203 7312 0
6071 3561 0
9140 6189 0
8473 3195 0
5415 4598 0
9188 9782 0
8814 9832 0
843 986 0
5293 355 0
4466 2543 0
4670 1062 0
8210 4117 0
130 604 0
4999 1138 0
8373 3369 0
2515 791 0
9960 4936 0
7327 7811 0
9216 6013 0
7435 7342 0
87 9400 0
5929 2620 0
8536 4007 0
466 5765 0
452 1013 0
5648 6814 0
985 2873 0
9591 7045 0
9072 5927 0
6057 3411 0
5157 3307 0
1700 19 0
5932 3952 0
4697 4043 0
7554 8840 0
6329 8553 0
2258 7282 0
9772 7484 0
5801 9476 0
8416 7340 0
8908 8741 0
1663 194 0
3293 5848 0
2938 3319 0
4265 4365 0
7549 3671 0
9824 2863 0
1804 11 0
9534 5983 0
6553 6339 0
18 7371 0
8434 444 0
8763 2154 0
8054 3972 0
8755 1561 0
431 4570 0
7663 5174 0
8553 1465 0
2117 452 0
206 6145 0
1845 3190 0
6387 302 0
2872 8428 0
2736 399 0
6936 2785 0
8351 7334 0
588 6015 0
3722 3698 0
8866 654 0
7204 9044 0
3309 8306 0
5191 6212 0
203 8422 0
6769 3697 0
2049 2995 0
3966 8340 0
2728 416 0
982 9812 0
1491 6484 0
6199 7466 0
9019 1605 0
1049 4190 0
4831 8605 0
9151 4654 0
1760 3340 0
8910 3037 0
9143 2458 0
7869 527 0
9162 5750 0
5662 9163 0
2406 2568 0
456 5041 0
7184 584 0
8900 2838 0
8260 1967 0
2678 2339 0
5725 445 0
6922 7433 0
6169 3529 0
1828 1289 0
6242 4497 0
8088 5028 0
631 5659 0
2056 7927 0
3611 1117 0
5919 6013 0
8941 2759 0
9106 3350 0
2315 1737 0
816 7274 0
7316 9748 0
6214 4136 0
6676 381 0
9770 348 0
2282 5172 0
2937 3123 0
5511 2173 0
9378 8702 0
256 781 0
4789 7025 0
1558 7086 0
413 7054 0
4075 7039 0
9489 492 0
3113 3573 0
9774 3943 0
2852 1399 0
5284 7627 0
5407 1882 0
8899 7531 0
8654 8454 0
7380 309 0
6776 8547 0
3485 6068 0
1993 2857 0
3247 6493 0
2452 128 0
9352 633 0
7241 8697 0
3066 631 0
4667 4050 0
8583 7478 0
5415 1838 0
7380 7732 0
2925 5741 0
9714 6786 0
3688 368 0
5968 5819 0
9759 7730 0
2002 4476 0
5453 5064 0
2592 7360 0
9532 9425 0
3495 3826 0
2966 4209 0
87 4546 0
3066 6210 0
1696 2319 0
2189 8997 0
4940 6893 0
9738 1329 0
1978 6629 0
9682 9021 0
5683 9527 0
9422 6311 0
7379 7686 0
8699 2736 0
756 8998 0
1541 6916 0
8504 220 0
9282 2975 0
9525 7497 0
8142 9488 0
603 1507 0
8878 749 0
5740 2665 0
4634 3866 0
5143 8450 0
3669 5404 0
4409 927 0
4749 5402 0
6841 6301 0
2309 5432 0
3470 5427 0
7715 4020 0
9232 136 0
646 3918 0
803 5000 0
4472 2372 0
9339 9811 0
3684 6910 0
6351 3996 0
1631 9739 0
984 4277 0
5557 9038 0
9281 2428 0
561 9879 0
1466 6882 0
5074 7391 0
5213 7460 0
4794 3287 0
7694 7146 0
5891 5197 0
8780 5762 0
8530 7450 0
1218 2639 0
1751 1023 0
5298 3318 0
2846 744 0
2137 4698 0
6389 3683 0
8673 8190 0
650 6070 0
5653 8670 0
1169 7619 0
526 3278 0
4889 9431 0
9956 7000 0
1271 1860 0
6992 8736 0
6272 3290 0
5684 4264 0
43 9683 0
6138 1235 0
9114 5074 0
8887 5492 0
3846 6647 0
1619 6563 0
537 9742 0
7319 4913 0
